2.450726815109999850e+06 1.841000000000000014e+01 2.500000000000000139e-02
2.450728878940000199e+06 1.831500000000000128e+01 2.900000000000000147e-02
2.450739848919999786e+06 1.834100000000000108e+01 3.400000000000000244e-02
2.450744757240000181e+06 1.829100000000000037e+01 2.900000000000000147e-02
2.450745841860000044e+06 1.833500000000000085e+01 2.400000000000000050e-02
2.450746827740000095e+06 1.833699999999999974e+01 2.500000000000000139e-02
2.450747723170000128e+06 1.830399999999999849e+01 2.599999999999999881e-02
2.450748675210000016e+06 1.827400000000000091e+01 2.800000000000000058e-02
2.450750788139999844e+06 1.832900000000000063e+01 2.699999999999999969e-02
2.450751788920000196e+06 1.833999999999999986e+01 2.800000000000000058e-02
2.450752846739999950e+06 1.837099999999999866e+01 2.599999999999999881e-02
2.450754793000000063e+06 1.834799999999999898e+01 3.699999999999999817e-02
2.450755770949999802e+06 1.830199999999999960e+01 2.699999999999999969e-02
2.450759696829999797e+06 1.829599999999999937e+01 2.400000000000000050e-02
2.450761778020000085e+06 1.830600000000000094e+01 2.800000000000000058e-02
2.450766827709999867e+06 1.833699999999999974e+01 3.899999999999999994e-02
2.450773783259999938e+06 1.830499999999999972e+01 2.800000000000000058e-02
2.450776808449999895e+06 1.833299999999999841e+01 2.800000000000000058e-02
2.450778837859999854e+06 1.836100000000000065e+01 3.899999999999999994e-02
2.450780768809999805e+06 1.834900000000000020e+01 2.800000000000000058e-02
2.450782797449999955e+06 1.833999999999999986e+01 2.500000000000000139e-02
2.450788824880000204e+06 1.833599999999999852e+01 2.599999999999999881e-02
2.450792734920000192e+06 1.828699999999999903e+01 2.999999999999999889e-02
2.450795820230000187e+06 1.826000000000000156e+01 2.400000000000000050e-02
2.450798744520000182e+06 1.828600000000000136e+01 2.500000000000000139e-02
2.450817742759999819e+06 1.833099999999999952e+01 2.500000000000000139e-02
2.450819819409999996e+06 1.827199999999999847e+01 3.099999999999999978e-02
2.450824690090000164e+06 1.823799999999999955e+01 3.200000000000000067e-02
2.450826782740000170e+06 1.845200000000000173e+01 4.399999999999999745e-02
2.450827679510000162e+06 1.828600000000000136e+01 2.299999999999999961e-02
2.450828739169999957e+06 1.828500000000000014e+01 2.699999999999999969e-02
2.450829686780000106e+06 1.832799999999999940e+01 2.900000000000000147e-02
2.450830744899999816e+06 1.833899999999999864e+01 3.699999999999999817e-02
2.450831582140000071e+06 1.831899999999999906e+01 3.200000000000000067e-02
2.450832564759999979e+06 1.835200000000000031e+01 2.599999999999999881e-02
2.450832751759999897e+06 1.841100000000000136e+01 2.999999999999999889e-02
2.450833571330000181e+06 1.834700000000000131e+01 2.699999999999999969e-02
2.450834705970000010e+06 1.832300000000000040e+01 2.599999999999999881e-02
2.450835793060000055e+06 1.833599999999999852e+01 2.400000000000000050e-02
2.450837654959999956e+06 1.830999999999999872e+01 2.100000000000000130e-02
2.450839653380000032e+06 1.826399999999999935e+01 2.699999999999999969e-02
2.450841742399999872e+06 1.826800000000000068e+01 2.400000000000000050e-02
2.450842732359999791e+06 1.828000000000000114e+01 3.099999999999999978e-02
2.450844587249999866e+06 1.832000000000000028e+01 2.900000000000000147e-02
2.450846759190000128e+06 1.829200000000000159e+01 2.900000000000000147e-02
2.450850750010000076e+06 1.829400000000000048e+01 2.699999999999999969e-02
2.450854767229999881e+06 1.822700000000000031e+01 4.399999999999999745e-02
2.450856658900000155e+06 1.826500000000000057e+01 3.699999999999999817e-02
2.450857717569999862e+06 1.822500000000000142e+01 3.400000000000000244e-02
2.450858680740000214e+06 1.829200000000000159e+01 3.099999999999999978e-02
2.450859747479999904e+06 1.832700000000000173e+01 3.400000000000000244e-02
2.450860640430000145e+06 1.825799999999999912e+01 3.099999999999999978e-02
2.450865557719999924e+06 1.832000000000000028e+01 4.100000000000000172e-02
2.450867612840000074e+06 1.843100000000000094e+01 3.400000000000000244e-02
2.450874676489999983e+06 1.832300000000000040e+01 2.199999999999999872e-02
2.450876592550000176e+06 1.828800000000000026e+01 2.299999999999999961e-02
2.450876695030000061e+06 1.823300000000000054e+01 2.199999999999999872e-02
2.450878682579999790e+06 1.834600000000000009e+01 3.099999999999999978e-02
2.450880616880000103e+06 1.827499999999999858e+01 2.900000000000000147e-02
2.450887661110000219e+06 1.830499999999999972e+01 3.699999999999999817e-02
2.450890684719999786e+06 1.830900000000000105e+01 3.799999999999999906e-02
2.450892531489999965e+06 1.836700000000000088e+01 2.900000000000000147e-02
2.450893697720000055e+06 1.832900000000000063e+01 4.100000000000000172e-02
2.450896499439999927e+06 1.833800000000000097e+01 3.400000000000000244e-02
2.450900552910000086e+06 1.829400000000000048e+01 3.200000000000000067e-02
2.450919554810000118e+06 1.839300000000000068e+01 5.099999999999999672e-02
2.450925507879999932e+06 1.824800000000000111e+01 4.499999999999999833e-02
2.450931565890000202e+06 1.817399999999999949e+01 4.000000000000000083e-02
2.450934514690000098e+06 1.835800000000000054e+01 4.399999999999999745e-02
2.450950507910000160e+06 1.829700000000000060e+01 3.200000000000000067e-02
2.450951501410000026e+06 1.824699999999999989e+01 2.599999999999999881e-02
2.451072891030000057e+06 1.816400000000000148e+01 2.100000000000000130e-02
2.451079799420000054e+06 1.818299999999999983e+01 2.400000000000000050e-02
2.451080803009999916e+06 1.828000000000000114e+01 2.299999999999999961e-02
2.451083813540000003e+06 1.819999999999999929e+01 2.800000000000000058e-02
2.451084808989999816e+06 1.824699999999999989e+01 2.299999999999999961e-02
2.451086837009999901e+06 1.824599999999999866e+01 2.299999999999999961e-02
2.451090764680000022e+06 1.819500000000000028e+01 3.099999999999999978e-02
2.451091872479999904e+06 1.812500000000000000e+01 2.699999999999999969e-02
2.451092815070000011e+06 1.819200000000000017e+01 2.800000000000000058e-02
2.451093827130000107e+06 1.817299999999999827e+01 2.400000000000000050e-02
2.451106756049999967e+06 1.818499999999999872e+01 1.899999999999999953e-02
2.451108777050000150e+06 1.816600000000000037e+01 2.199999999999999872e-02
2.451114786489999853e+06 1.821999999999999886e+01 1.899999999999999953e-02
2.451119829719999805e+06 1.817899999999999849e+01 2.299999999999999961e-02
2.451120734259999823e+06 1.812600000000000122e+01 2.699999999999999969e-02
2.451126754060000181e+06 1.825600000000000023e+01 2.699999999999999969e-02
2.451129818359999917e+06 1.822500000000000142e+01 2.299999999999999961e-02
2.451131824310000055e+06 1.814999999999999858e+01 2.900000000000000147e-02
2.451132813910000026e+06 1.817800000000000082e+01 2.299999999999999961e-02
2.451137796079999767e+06 1.818100000000000094e+01 2.199999999999999872e-02
2.451138837379999924e+06 1.812300000000000111e+01 2.100000000000000130e-02
2.451142764059999958e+06 1.818700000000000117e+01 1.899999999999999953e-02
2.451152721659999806e+06 1.819200000000000017e+01 3.799999999999999906e-02
2.451154737180000171e+06 1.813800000000000168e+01 2.199999999999999872e-02
2.451155693409999833e+06 1.810699999999999932e+01 2.699999999999999969e-02
2.451157747289999854e+06 1.815800000000000125e+01 2.900000000000000147e-02
2.451159752979999874e+06 1.816700000000000159e+01 2.400000000000000050e-02
2.451161816990000196e+06 1.818599999999999994e+01 2.000000000000000042e-02
2.451163818880000152e+06 1.818199999999999861e+01 2.699999999999999969e-02
2.451164833779999986e+06 1.815399999999999991e+01 1.899999999999999953e-02
2.451166751269999892e+06 1.812999999999999901e+01 2.999999999999999889e-02
2.451167777480000164e+06 1.812500000000000000e+01 2.999999999999999889e-02
2.451168760129999835e+06 1.821799999999999997e+01 2.999999999999999889e-02
2.451171729019999970e+06 1.815299999999999869e+01 2.000000000000000042e-02
2.451175726379999891e+06 1.815399999999999991e+01 2.000000000000000042e-02
2.451179775770000182e+06 1.812600000000000122e+01 2.999999999999999889e-02
2.451181739260000177e+06 1.814600000000000080e+01 2.699999999999999969e-02
2.451183824169999920e+06 1.814900000000000091e+01 2.400000000000000050e-02
2.451185821539999917e+06 1.812699999999999889e+01 2.000000000000000042e-02
2.451187776850000024e+06 1.815399999999999991e+01 2.000000000000000042e-02
2.451189713279999793e+06 1.815099999999999980e+01 2.000000000000000042e-02
2.451191751970000099e+06 1.814199999999999946e+01 1.799999999999999864e-02
2.451192810759999789e+06 1.816100000000000136e+01 1.799999999999999864e-02
2.451193802670000121e+06 1.814300000000000068e+01 1.899999999999999953e-02
2.451194678319999948e+06 1.812300000000000111e+01 2.199999999999999872e-02
2.451201766809999943e+06 1.810200000000000031e+01 2.299999999999999961e-02
2.451202760929999873e+06 1.809199999999999875e+01 2.299999999999999961e-02
2.451204682529999875e+06 1.813700000000000045e+01 2.599999999999999881e-02
2.451206782699999865e+06 1.817500000000000071e+01 2.699999999999999969e-02
2.451207692929999903e+06 1.809100000000000108e+01 2.599999999999999881e-02
2.451211669439999852e+06 1.819600000000000151e+01 2.999999999999999889e-02
2.451213632879999932e+06 1.812800000000000011e+01 2.699999999999999969e-02
2.451214711620000191e+06 1.809400000000000119e+01 2.900000000000000147e-02
2.451215537709999830e+06 1.817899999999999849e+01 2.699999999999999969e-02
2.451216605789999943e+06 1.813500000000000156e+01 2.199999999999999872e-02
2.451217673400000203e+06 1.813299999999999912e+01 2.500000000000000139e-02
2.451219610630000010e+06 1.812300000000000111e+01 2.800000000000000058e-02
2.451221581259999890e+06 1.814000000000000057e+01 2.800000000000000058e-02
2.451223671409999952e+06 1.815099999999999980e+01 2.199999999999999872e-02
2.451224551090000197e+06 1.817899999999999849e+01 2.800000000000000058e-02
2.451226559340000153e+06 1.813500000000000156e+01 2.000000000000000042e-02
2.451227566399999894e+06 1.812000000000000099e+01 2.000000000000000042e-02
2.451232655999999959e+06 1.817500000000000071e+01 2.400000000000000050e-02
2.451235557159999851e+06 1.816199999999999903e+01 3.200000000000000067e-02
2.451238643099999987e+06 1.815899999999999892e+01 3.400000000000000244e-02
2.451241543329999782e+06 1.810900000000000176e+01 2.800000000000000058e-02
2.451242614320000168e+06 1.812800000000000011e+01 2.800000000000000058e-02
2.451243560440000147e+06 1.811799999999999855e+01 2.599999999999999881e-02
2.451245529000000097e+06 1.815599999999999881e+01 3.200000000000000067e-02
2.451247663370000198e+06 1.810600000000000165e+01 2.599999999999999881e-02
2.451248631089999806e+06 1.814499999999999957e+01 2.900000000000000147e-02
2.451251585649999790e+06 1.817899999999999849e+01 3.599999999999999728e-02
2.451254539520000108e+06 1.811299999999999955e+01 3.200000000000000067e-02
2.451255572519999929e+06 1.817200000000000060e+01 3.500000000000000333e-02
2.451257604170000181e+06 1.815399999999999991e+01 2.900000000000000147e-02
2.451260590230000205e+06 1.816000000000000014e+01 2.299999999999999961e-02
2.451264580649999902e+06 1.814999999999999858e+01 3.200000000000000067e-02
2.451266582390000112e+06 1.807100000000000151e+01 3.500000000000000333e-02
2.451267598499999847e+06 1.819999999999999929e+01 3.599999999999999728e-02
2.451274581540000159e+06 1.810000000000000142e+01 3.599999999999999728e-02
2.451275520909999963e+06 1.815899999999999892e+01 2.699999999999999969e-02
2.451278503550000023e+06 1.820200000000000173e+01 3.200000000000000067e-02
2.451281511620000005e+06 1.811400000000000077e+01 3.300000000000000155e-02
2.451290481350000016e+06 1.815800000000000125e+01 3.799999999999999906e-02
2.451296572219999973e+06 1.810999999999999943e+01 2.999999999999999889e-02
2.451300518329999875e+06 1.815500000000000114e+01 3.699999999999999817e-02
2.451305496760000009e+06 1.816199999999999903e+01 2.999999999999999889e-02
2.451308527749999892e+06 1.819600000000000151e+01 2.999999999999999889e-02
2.451315486969999969e+06 1.814399999999999835e+01 3.699999999999999817e-02
2.451318469649999868e+06 1.820499999999999829e+01 3.899999999999999994e-02
2.451329455279999878e+06 1.814600000000000080e+01 3.799999999999999906e-02
2.451331474289999809e+06 1.814399999999999835e+01 4.200000000000000261e-02
2.451431817629999947e+06 1.818799999999999883e+01 2.400000000000000050e-02
2.451433814199999906e+06 1.819999999999999929e+01 2.500000000000000139e-02
2.451435862100000028e+06 1.817999999999999972e+01 2.800000000000000058e-02
2.451437854820000008e+06 1.822700000000000031e+01 2.599999999999999881e-02
2.451440893790000118e+06 1.822700000000000031e+01 3.099999999999999978e-02
2.451443785110000055e+06 1.816700000000000159e+01 4.000000000000000083e-02
2.451447758859999944e+06 1.815099999999999980e+01 4.399999999999999745e-02
2.451448849630000070e+06 1.817800000000000082e+01 3.899999999999999994e-02
2.451453769660000224e+06 1.817200000000000060e+01 4.399999999999999745e-02
2.451454885670000222e+06 1.820899999999999963e+01 3.599999999999999728e-02
2.451458753779999912e+06 1.819500000000000028e+01 3.799999999999999906e-02
2.451459875330000184e+06 1.811299999999999955e+01 2.500000000000000139e-02
2.451460755950000137e+06 1.818900000000000006e+01 3.599999999999999728e-02
2.451461721679999959e+06 1.818199999999999861e+01 2.900000000000000147e-02
2.451471732139999978e+06 1.821499999999999986e+01 2.800000000000000058e-02
2.451475826559999958e+06 1.817399999999999949e+01 2.500000000000000139e-02
2.451478751279999968e+06 1.810500000000000043e+01 2.599999999999999881e-02
2.451481813480000012e+06 1.815800000000000125e+01 2.400000000000000050e-02
2.451484817789999768e+06 1.814999999999999858e+01 2.100000000000000130e-02
2.451487810589999892e+06 1.817099999999999937e+01 2.599999999999999881e-02
2.451488858640000224e+06 1.810600000000000165e+01 2.100000000000000130e-02
2.451491749330000021e+06 1.815700000000000003e+01 3.400000000000000244e-02
2.451493691240000073e+06 1.814600000000000080e+01 2.599999999999999881e-02
2.451495734670000151e+06 1.815700000000000003e+01 2.299999999999999961e-02
2.451498655850000214e+06 1.815399999999999991e+01 2.999999999999999889e-02
2.451500796380000189e+06 1.813400000000000034e+01 2.000000000000000042e-02
2.451503686670000199e+06 1.808399999999999963e+01 3.300000000000000155e-02
2.451505793510000221e+06 1.811700000000000088e+01 2.699999999999999969e-02
2.451507689509999938e+06 1.812199999999999989e+01 2.900000000000000147e-02
2.451508806150000077e+06 1.811199999999999832e+01 2.299999999999999961e-02
2.451509667650000192e+06 1.812600000000000122e+01 2.599999999999999881e-02
2.451510633169999812e+06 1.811899999999999977e+01 2.299999999999999961e-02
2.451511715830000117e+06 1.814099999999999824e+01 2.599999999999999881e-02
2.451512749840000179e+06 1.810900000000000176e+01 2.800000000000000058e-02
2.451514764309999999e+06 1.811899999999999977e+01 2.500000000000000139e-02
2.451516810099999886e+06 1.813700000000000045e+01 2.400000000000000050e-02
2.451517842009999789e+06 1.811700000000000088e+01 2.100000000000000130e-02
2.451518681940000039e+06 1.810200000000000031e+01 2.299999999999999961e-02
2.451520707260000054e+06 1.810900000000000176e+01 2.299999999999999961e-02
2.451522707940000109e+06 1.812300000000000111e+01 2.599999999999999881e-02
2.451523708120000083e+06 1.811100000000000065e+01 3.300000000000000155e-02
2.451525684059999883e+06 1.808999999999999986e+01 2.999999999999999889e-02
2.451527749400000088e+06 1.813100000000000023e+01 2.199999999999999872e-02
2.451528675329999998e+06 1.805600000000000094e+01 2.100000000000000130e-02
2.451529800780000165e+06 1.814300000000000068e+01 2.299999999999999961e-02
2.451531692720000166e+06 1.809799999999999898e+01 2.299999999999999961e-02
2.451538649850000162e+06 1.808999999999999986e+01 2.299999999999999961e-02
2.451541605669999961e+06 1.813100000000000023e+01 2.100000000000000130e-02
2.451542760030000005e+06 1.810099999999999909e+01 2.500000000000000139e-02
2.451544662349999882e+06 1.812800000000000011e+01 2.400000000000000050e-02
2.451546671569999773e+06 1.810300000000000153e+01 2.599999999999999881e-02
2.451546687030000146e+06 1.807900000000000063e+01 3.400000000000000244e-02
2.451547688620000146e+06 1.809700000000000131e+01 1.799999999999999864e-02
2.451548665789999999e+06 1.813299999999999912e+01 2.100000000000000130e-02
2.451551695139999967e+06 1.812999999999999901e+01 1.899999999999999953e-02
2.451552628089999780e+06 1.806099999999999994e+01 2.199999999999999872e-02
2.451553651790000033e+06 1.809100000000000108e+01 2.000000000000000042e-02
2.451554630400000140e+06 1.812699999999999889e+01 2.199999999999999872e-02
2.451555654839999974e+06 1.811100000000000065e+01 2.400000000000000050e-02
2.451556629000000190e+06 1.809600000000000009e+01 2.500000000000000139e-02
2.451560620730000082e+06 1.808099999999999952e+01 2.500000000000000139e-02
2.451564539849999826e+06 1.816900000000000048e+01 3.400000000000000244e-02
2.451568616559999995e+06 1.812600000000000122e+01 2.800000000000000058e-02
2.451571626209999900e+06 1.808399999999999963e+01 2.100000000000000130e-02
2.451575640610000119e+06 1.808699999999999974e+01 2.400000000000000050e-02
2.451578680910000112e+06 1.809799999999999898e+01 2.699999999999999969e-02
2.451580691699999850e+06 1.816600000000000037e+01 2.400000000000000050e-02
2.451582626209999900e+06 1.811199999999999832e+01 2.299999999999999961e-02
2.451585617010000162e+06 1.818100000000000094e+01 2.500000000000000139e-02
2.451588620230000000e+06 1.809900000000000020e+01 2.800000000000000058e-02
2.451595577310000081e+06 1.784600000000000009e+01 2.199999999999999872e-02
2.451599643319999799e+06 1.812199999999999989e+01 2.199999999999999872e-02
2.451600596220000181e+06 1.815500000000000114e+01 3.300000000000000155e-02
2.451601603339999914e+06 1.811499999999999844e+01 3.699999999999999817e-02
2.451602669809999876e+06 1.807799999999999940e+01 2.800000000000000058e-02
2.451604601400000043e+06 1.811599999999999966e+01 2.400000000000000050e-02
2.451606558370000217e+06 1.811299999999999955e+01 2.400000000000000050e-02
2.451609514589999802e+06 1.815800000000000125e+01 3.099999999999999978e-02
2.451610529490000103e+06 1.809299999999999997e+01 3.200000000000000067e-02
2.451611589639999904e+06 1.809900000000000020e+01 2.599999999999999881e-02
2.451613569980000146e+06 1.810000000000000142e+01 2.400000000000000050e-02
2.451614641050000209e+06 1.821499999999999986e+01 2.999999999999999889e-02
2.451616498670000117e+06 1.811199999999999832e+01 2.400000000000000050e-02
2.451618644199999981e+06 1.812399999999999878e+01 2.599999999999999881e-02
2.451619537920000032e+06 1.812600000000000122e+01 3.799999999999999906e-02
2.451621534070000052e+06 1.818900000000000006e+01 3.400000000000000244e-02
2.451623631240000017e+06 1.815599999999999881e+01 3.599999999999999728e-02
2.451625612290000077e+06 1.815700000000000003e+01 3.699999999999999817e-02
2.451627582539999858e+06 1.817999999999999972e+01 3.400000000000000244e-02
2.451628522429999895e+06 1.814300000000000068e+01 2.800000000000000058e-02
2.451631491919999942e+06 1.814799999999999969e+01 2.800000000000000058e-02
2.451633607350000180e+06 1.813599999999999923e+01 2.400000000000000050e-02
2.451635490360000171e+06 1.821000000000000085e+01 3.799999999999999906e-02
2.451643566360000055e+06 1.815500000000000114e+01 3.899999999999999994e-02
2.451644493360000197e+06 1.810600000000000165e+01 2.199999999999999872e-02
2.451645499450000003e+06 1.814900000000000091e+01 2.999999999999999889e-02
2.451653484769999981e+06 1.804400000000000048e+01 3.599999999999999728e-02
2.451655528729999904e+06 1.814499999999999957e+01 3.200000000000000067e-02
2.451657538180000149e+06 1.817800000000000082e+01 3.500000000000000333e-02
2.451660513050000183e+06 1.807000000000000028e+01 2.900000000000000147e-02
2.451662520390000194e+06 1.805199999999999960e+01 2.699999999999999969e-02
2.451664543459999841e+06 1.800000000000000000e+01 2.599999999999999881e-02
2.451669513379999902e+06 1.810500000000000043e+01 2.999999999999999889e-02
2.451672486039999872e+06 1.802899999999999991e+01 2.999999999999999889e-02
2.451687483729999978e+06 1.810900000000000176e+01 4.000000000000000083e-02
2.451695469089999795e+06 1.810600000000000165e+01 3.200000000000000067e-02
2.451766861829999834e+06 1.799899999999999878e+01 3.500000000000000333e-02
2.451768847490000073e+06 1.811700000000000088e+01 3.200000000000000067e-02
2.451773905840000138e+06 1.802799999999999869e+01 2.199999999999999872e-02
2.451782837050000206e+06 1.807199999999999918e+01 2.599999999999999881e-02
2.451788845470000058e+06 1.801899999999999835e+01 2.400000000000000050e-02
2.451804840739999898e+06 1.806800000000000139e+01 2.199999999999999872e-02
2.451811861289999913e+06 1.809199999999999875e+01 2.000000000000000042e-02
2.451815837460000068e+06 1.810600000000000165e+01 2.299999999999999961e-02
2.451818879780000076e+06 1.807799999999999940e+01 2.100000000000000130e-02
2.451822719159999862e+06 1.810800000000000054e+01 2.599999999999999881e-02
2.451829868420000188e+06 1.815899999999999892e+01 2.699999999999999969e-02
2.451844776250000112e+06 1.812199999999999989e+01 2.000000000000000042e-02
2.451850757610000204e+06 1.814799999999999969e+01 2.900000000000000147e-02
2.451854814639999997e+06 1.809100000000000108e+01 1.899999999999999953e-02
2.451858761719999835e+06 1.816799999999999926e+01 3.200000000000000067e-02
2.451860804099999834e+06 1.816799999999999926e+01 3.200000000000000067e-02
2.451863777199999895e+06 1.815500000000000114e+01 2.500000000000000139e-02
2.451866727909999900e+06 1.815899999999999892e+01 2.299999999999999961e-02
2.451868708999999799e+06 1.813899999999999935e+01 2.100000000000000130e-02
2.451870830049999990e+06 1.813700000000000045e+01 2.900000000000000147e-02
2.451872845869999845e+06 1.816100000000000136e+01 2.900000000000000147e-02
2.451874750800000038e+06 1.811700000000000088e+01 2.000000000000000042e-02
