2.450465835979999974e+06 1.383300000000000018e+01 3.000000000000000062e-03
2.450466687530000228e+06 1.381900000000000084e+01 3.000000000000000062e-03
2.450467795400000177e+06 1.393599999999999994e+01 3.000000000000000062e-03
2.450468701799999923e+06 1.393099999999999916e+01 3.000000000000000062e-03
2.450469701830000151e+06 1.409200000000000053e+01 3.000000000000000062e-03
2.450470712679999880e+06 1.421000000000000085e+01 3.000000000000000062e-03
2.450471821630000137e+06 1.430700000000000038e+01 3.000000000000000062e-03
2.450472746520000044e+06 1.417900000000000027e+01 3.000000000000000062e-03
2.450473658319999930e+06 1.379499999999999993e+01 3.000000000000000062e-03
2.450474738760000095e+06 1.385200000000000031e+01 3.000000000000000062e-03
2.450475631529999897e+06 1.393900000000000006e+01 3.000000000000000062e-03
2.450475697629999835e+06 1.394200000000000017e+01 3.000000000000000062e-03
2.450476783780000173e+06 1.396700000000000053e+01 3.000000000000000062e-03
2.450477768430000171e+06 1.413299999999999912e+01 3.000000000000000062e-03
2.450478575689999852e+06 1.421299999999999919e+01 3.000000000000000062e-03
2.450479774129999802e+06 1.431900000000000084e+01 3.000000000000000062e-03
2.450480610780000221e+06 1.412800000000000011e+01 3.000000000000000062e-03
2.450481595879999921e+06 1.378299999999999947e+01 3.000000000000000062e-03
2.450482756879999768e+06 1.387899999999999956e+01 3.000000000000000062e-03
2.450483544610000215e+06 1.393299999999999983e+01 3.000000000000000062e-03
2.450484542499999981e+06 1.398199999999999932e+01 3.000000000000000062e-03
2.450485547040000092e+06 1.413799999999999990e+01 3.000000000000000062e-03
2.450486538590000011e+06 1.424499999999999922e+01 3.000000000000000062e-03
2.450487566269999836e+06 1.430700000000000038e+01 3.000000000000000062e-03
2.450488530869999900e+06 1.405100000000000016e+01 3.000000000000000062e-03
2.450488669220000040e+06 1.397600000000000087e+01 3.000000000000000062e-03
2.450489600990000181e+06 1.380000000000000071e+01 3.000000000000000062e-03
2.450489621170000173e+06 1.380199999999999960e+01 3.000000000000000062e-03
2.450490591630000155e+06 1.389199999999999946e+01 3.000000000000000062e-03
2.450491549780000001e+06 1.393999999999999950e+01 3.000000000000000062e-03
2.450492534059999976e+06 1.403999999999999915e+01 3.000000000000000062e-03
2.450492608430000022e+06 1.405000000000000071e+01 3.000000000000000062e-03
2.450493537119999994e+06 1.416699999999999982e+01 3.000000000000000062e-03
2.450494531940000132e+06 1.428999999999999915e+01 3.000000000000000062e-03
2.450495534270000178e+06 1.426900000000000013e+01 3.000000000000000062e-03
2.450496529759999830e+06 1.390300000000000047e+01 3.000000000000000062e-03
2.450496745879999828e+06 1.381300000000000061e+01 3.000000000000000062e-03
2.450498528539999854e+06 1.392099999999999937e+01 3.000000000000000062e-03
2.450499524029999971e+06 1.393200000000000038e+01 3.000000000000000062e-03
2.450500515219999943e+06 1.408900000000000041e+01 3.000000000000000062e-03
2.450501515780000016e+06 1.419800000000000040e+01 3.000000000000000062e-03
2.450507633330000099e+06 1.398600000000000065e+01 3.000000000000000062e-03
2.450508519489999861e+06 1.414499999999999957e+01 3.000000000000000062e-03
2.450508586219999939e+06 1.413700000000000045e+01 3.000000000000000062e-03
2.450510524149999954e+06 1.431700000000000017e+01 3.000000000000000062e-03
2.450511633739999961e+06 1.405400000000000027e+01 3.000000000000000062e-03
2.450512671109999996e+06 1.379800000000000004e+01 3.000000000000000062e-03
2.450513663019999862e+06 1.389499999999999957e+01 3.000000000000000062e-03
2.450514536139999982e+06 1.393099999999999916e+01 3.000000000000000062e-03
2.450515527809999883e+06 1.400500000000000078e+01 3.000000000000000062e-03
2.450516531340000220e+06 1.415600000000000058e+01 3.000000000000000062e-03
2.450517532819999848e+06 1.427599999999999980e+01 3.000000000000000062e-03
2.450518571609999985e+06 1.428899999999999970e+01 3.000000000000000062e-03
2.450518734480000101e+06 1.425699999999999967e+01 3.000000000000000062e-03
2.450519522229999769e+06 1.396700000000000053e+01 3.000000000000000062e-03
2.450520689030000009e+06 1.381199999999999939e+01 3.000000000000000062e-03
2.450521523099999875e+06 1.392399999999999949e+01 3.000000000000000062e-03
2.450523534930000082e+06 1.408000000000000007e+01 3.000000000000000062e-03
2.450524513950000051e+06 1.417699999999999960e+01 3.000000000000000062e-03
2.450526517349999864e+06 1.424300000000000033e+01 3.000000000000000062e-03
2.450526618470000103e+06 1.421299999999999919e+01 3.000000000000000062e-03
2.450527514709999785e+06 1.381700000000000017e+01 3.000000000000000062e-03
2.450528574120000005e+06 1.383500000000000085e+01 3.000000000000000062e-03
2.450530602729999926e+06 1.396000000000000085e+01 3.000000000000000062e-03
2.450531529639999848e+06 1.411899999999999977e+01 3.000000000000000062e-03
2.450532515050000045e+06 1.421000000000000085e+01 3.000000000000000062e-03
2.450533518569999840e+06 1.431300000000000061e+01 3.000000000000000062e-03
2.450535640370000154e+06 1.377899999999999991e+01 3.000000000000000062e-03
2.450536675600000191e+06 1.389400000000000013e+01 3.000000000000000062e-03
2.450552623740000185e+06 1.394400000000000084e+01 3.000000000000000062e-03
2.450553479449999984e+06 1.393900000000000006e+01 3.000000000000000062e-03
2.450554538230000064e+06 1.410899999999999999e+01 3.000000000000000062e-03
2.450561538670000155e+06 1.396299999999999919e+01 3.000000000000000062e-03
2.450567475050000008e+06 1.389000000000000057e+01 3.000000000000000062e-03
2.450569469519999810e+06 1.400900000000000034e+01 3.000000000000000062e-03
2.450571523020000197e+06 1.427299999999999969e+01 3.000000000000000062e-03
2.450572479230000172e+06 1.429499999999999993e+01 3.000000000000000062e-03
2.450574515589999966e+06 1.380799999999999983e+01 3.000000000000000062e-03
2.450673841250000056e+06 1.385800000000000054e+01 3.000000000000000062e-03
2.450699814549999777e+06 1.393299999999999983e+01 3.000000000000000062e-03
2.450701859410000034e+06 1.419100000000000072e+01 3.000000000000000062e-03
2.450704803309999872e+06 1.382699999999999996e+01 3.000000000000000062e-03
2.450706807250000071e+06 1.393800000000000061e+01 3.000000000000000062e-03
2.450707856600000057e+06 1.395700000000000074e+01 3.000000000000000062e-03
2.450712879029999953e+06 1.379599999999999937e+01 3.000000000000000062e-03
2.450715844390000217e+06 1.398900000000000077e+01 3.000000000000000062e-03
2.450720799219999928e+06 1.381099999999999994e+01 3.000000000000000062e-03
2.450726864419999998e+06 1.424399999999999977e+01 3.000000000000000062e-03
2.450728828569999896e+06 1.381799999999999962e+01 3.000000000000000062e-03
2.450729810899999924e+06 1.394100000000000072e+01 3.000000000000000062e-03
2.450733863200000022e+06 1.430799999999999983e+01 3.000000000000000062e-03
2.450742803700000048e+06 1.405899999999999928e+01 3.000000000000000062e-03
2.450745735179999843e+06 1.393699999999999939e+01 3.000000000000000062e-03
2.450747791970000137e+06 1.415799999999999947e+01 3.000000000000000062e-03
2.450748746739999857e+06 1.426500000000000057e+01 3.000000000000000062e-03
2.450750839569999836e+06 1.391399999999999970e+01 3.000000000000000062e-03
2.450751732160000131e+06 1.380599999999999916e+01 3.000000000000000062e-03
2.450755690630000085e+06 1.417900000000000027e+01 3.000000000000000062e-03
2.450759759910000023e+06 1.384399999999999942e+01 3.000000000000000062e-03
2.450760812059999909e+06 1.394400000000000084e+01 3.000000000000000062e-03
2.450763808040000033e+06 1.422799999999999976e+01 3.000000000000000062e-03
2.450769844450000208e+06 1.399799999999999933e+01 3.000000000000000062e-03
2.450773833019999787e+06 1.397700000000000031e+01 3.000000000000000062e-03
2.450778785970000084e+06 1.417200000000000060e+01 3.000000000000000062e-03
2.450780816790000070e+06 1.424799999999999933e+01 3.000000000000000062e-03
2.450782821520000231e+06 1.382499999999999929e+01 3.000000000000000062e-03
2.450787824539999943e+06 1.430100000000000016e+01 3.000000000000000062e-03
2.450792758510000072e+06 1.396599999999999930e+01 3.000000000000000062e-03
2.450796774399999995e+06 1.405199999999999960e+01 3.000000000000000062e-03
2.450798791590000037e+06 1.388899999999999935e+01 3.000000000000000062e-03
2.450816800100000110e+06 1.412800000000000011e+01 3.000000000000000062e-03
2.450817789539999794e+06 1.422899999999999920e+01 3.000000000000000062e-03
2.450822747620000038e+06 1.393900000000000006e+01 3.000000000000000062e-03
2.450826615859999787e+06 1.431300000000000061e+01 3.000000000000000062e-03
2.450827726569999941e+06 1.400500000000000078e+01 3.000000000000000062e-03
2.450830806770000141e+06 1.393399999999999928e+01 3.000000000000000062e-03
2.450831652009999845e+06 1.403999999999999915e+01 3.000000000000000062e-03
2.450832782959999982e+06 1.417800000000000082e+01 3.000000000000000062e-03
2.450833684419999830e+06 1.427500000000000036e+01 3.000000000000000062e-03
2.450834775439999998e+06 1.424499999999999922e+01 3.000000000000000062e-03
2.450837781380000059e+06 1.392699999999999960e+01 3.000000000000000062e-03
2.450839607090000063e+06 1.410100000000000087e+01 3.000000000000000062e-03
2.450841790430000052e+06 1.432099999999999973e+01 3.000000000000000062e-03
2.450843713440000080e+06 1.378400000000000070e+01 3.000000000000000062e-03
2.450844662589999847e+06 1.385999999999999943e+01 3.000000000000000062e-03
2.450850683399999980e+06 1.408600000000000030e+01 3.000000000000000062e-03
2.450854705420000013e+06 1.402299999999999969e+01 3.000000000000000062e-03
2.450855751879999880e+06 1.416499999999999915e+01 3.000000000000000062e-03
2.450856704650000203e+06 1.427599999999999980e+01 3.000000000000000062e-03
2.450858639779999852e+06 1.397799999999999976e+01 3.000000000000000062e-03
2.450864725939999800e+06 1.432000000000000028e+01 3.000000000000000062e-03
2.450874738979999907e+06 1.379100000000000037e+01 3.000000000000000062e-03
2.450876655300000217e+06 1.394800000000000040e+01 3.000000000000000062e-03
2.450879615129999816e+06 1.425300000000000011e+01 3.000000000000000062e-03
2.450881547110000160e+06 1.405899999999999928e+01 3.000000000000000062e-03
2.450887629310000222e+06 1.428400000000000070e+01 3.000000000000000062e-03
2.450892594250000082e+06 1.394100000000000072e+01 3.000000000000000062e-03
2.450895574990000110e+06 1.430199999999999960e+01 3.000000000000000062e-03
2.450900543920000084e+06 1.395700000000000074e+01 3.000000000000000062e-03
2.450918579870000016e+06 1.432000000000000028e+01 3.000000000000000062e-03
2.450920545059999917e+06 1.385500000000000043e+01 3.000000000000000062e-03
2.450925497270000167e+06 1.421799999999999997e+01 3.000000000000000062e-03
2.450933511400000192e+06 1.424799999999999933e+01 3.000000000000000062e-03
2.451040917779999785e+06 1.416300000000000026e+01 3.000000000000000062e-03
2.451051913629999850e+06 1.378599999999999959e+01 3.000000000000000062e-03
2.451065874160000123e+06 1.427699999999999925e+01 3.000000000000000062e-03
2.451068836219999939e+06 1.391200000000000081e+01 3.000000000000000062e-03
2.451069826700000092e+06 1.392699999999999960e+01 3.000000000000000062e-03
2.451071843820000067e+06 1.420299999999999940e+01 3.000000000000000062e-03
2.451079791019999888e+06 1.423399999999999999e+01 3.000000000000000062e-03
2.451083804719999898e+06 1.385500000000000043e+01 3.000000000000000062e-03
2.451088869409999810e+06 1.429599999999999937e+01 3.000000000000000062e-03
2.451093866069999989e+06 1.407900000000000063e+01 3.000000000000000062e-03
2.451102844089999795e+06 1.422000000000000064e+01 3.000000000000000062e-03
2.451107826960000210e+06 1.393099999999999916e+01 3.000000000000000062e-03
2.451113840749999974e+06 1.381000000000000050e+01 3.000000000000000062e-03
2.451119773570000194e+06 1.427999999999999936e+01 3.000000000000000062e-03
2.451126745029999875e+06 1.430899999999999928e+01 3.000000000000000062e-03
2.451130711120000109e+06 1.393999999999999950e+01 3.000000000000000062e-03
2.451136838920000009e+06 1.379199999999999982e+01 3.000000000000000062e-03
2.451142730920000002e+06 1.430100000000000016e+01 3.000000000000000062e-03
2.451151826020000037e+06 1.381799999999999962e+01 3.000000000000000062e-03
2.451154834580000024e+06 1.395400000000000063e+01 3.000000000000000062e-03
2.451157786160000134e+06 1.431300000000000061e+01 3.000000000000000062e-03
2.451161784140000120e+06 1.392500000000000071e+01 3.000000000000000062e-03
2.451166792160000186e+06 1.401900000000000013e+01 3.000000000000000062e-03
2.451170840110000223e+06 1.406400000000000006e+01 3.000000000000000062e-03
2.451174822759999894e+06 1.387100000000000044e+01 3.000000000000000062e-03
2.451178739779999945e+06 1.410100000000000087e+01 3.000000000000000062e-03
2.451181706350000110e+06 1.421199999999999974e+01 3.000000000000000062e-03
2.451185788920000196e+06 1.396299999999999919e+01 3.000000000000000062e-03
2.451187740859999787e+06 1.423000000000000043e+01 3.000000000000000062e-03
2.451189805329999886e+06 1.405899999999999928e+01 3.000000000000000062e-03
2.451192724899999797e+06 1.394800000000000040e+01 3.000000000000000062e-03
2.451196600980000105e+06 1.431199999999999939e+01 3.000000000000000062e-03
2.451202662810000125e+06 1.416900000000000048e+01 3.000000000000000062e-03
2.451204768190000206e+06 1.422400000000000020e+01 3.000000000000000062e-03
2.451207661609999835e+06 1.392600000000000016e+01 3.000000000000000062e-03
2.451211742039999925e+06 1.429800000000000004e+01 3.000000000000000062e-03
2.451214758510000072e+06 1.386700000000000088e+01 3.000000000000000062e-03
2.451217719699999783e+06 1.413599999999999923e+01 3.000000000000000062e-03
2.451219704349999782e+06 1.430199999999999960e+01 3.000000000000000062e-03
2.451223611839999910e+06 1.393599999999999994e+01 3.000000000000000062e-03
2.451226706770000048e+06 1.427699999999999925e+01 3.000000000000000062e-03
2.451230655139999930e+06 1.391600000000000037e+01 3.000000000000000062e-03
2.451234581569999922e+06 1.428999999999999915e+01 3.000000000000000062e-03
2.451238585140000097e+06 1.392399999999999949e+01 3.000000000000000062e-03
2.451239717780000065e+06 1.395100000000000051e+01 3.000000000000000062e-03
2.451241694399999920e+06 1.422499999999999964e+01 3.000000000000000062e-03
2.451243552259999793e+06 1.414799999999999969e+01 3.000000000000000062e-03
2.451245520860000048e+06 1.386299999999999955e+01 3.000000000000000062e-03
2.451248529240000062e+06 1.413799999999999990e+01 3.000000000000000062e-03
2.451253600029999856e+06 1.389799999999999969e+01 3.000000000000000062e-03
2.451256579330000095e+06 1.416600000000000037e+01 3.000000000000000062e-03
2.451261575379999820e+06 1.391799999999999926e+01 3.000000000000000062e-03
2.451265593049999792e+06 1.430000000000000071e+01 3.000000000000000062e-03
2.451268577959999908e+06 1.384999999999999964e+01 3.000000000000000062e-03
2.451276531419999897e+06 1.388400000000000034e+01 3.000000000000000062e-03
2.451279525909999851e+06 1.415700000000000003e+01 3.000000000000000062e-03
2.451288559470000211e+06 1.429599999999999937e+01 3.000000000000000062e-03
2.451291590499999933e+06 1.383799999999999919e+01 3.000000000000000062e-03
2.451296563889999874e+06 1.431400000000000006e+01 3.000000000000000062e-03
2.451300510269999970e+06 1.393900000000000006e+01 3.000000000000000062e-03
2.451305484680000227e+06 1.404400000000000048e+01 3.000000000000000062e-03
2.451308519439999945e+06 1.393500000000000050e+01 3.000000000000000062e-03
2.451313495010000188e+06 1.390199999999999925e+01 3.000000000000000062e-03
2.451317522599999793e+06 1.410200000000000031e+01 3.000000000000000062e-03
2.451320469299999997e+06 1.420700000000000074e+01 3.000000000000000062e-03
2.451330487300000153e+06 1.387500000000000000e+01 3.000000000000000062e-03
2.451333492109999992e+06 1.415700000000000003e+01 3.000000000000000062e-03
2.451397916029999964e+06 1.406700000000000017e+01 3.000000000000000062e-03
2.451412893660000060e+06 1.422300000000000075e+01 3.000000000000000062e-03
2.451431808590000030e+06 1.394299999999999962e+01 3.000000000000000062e-03
2.451432893939999864e+06 1.407600000000000051e+01 3.000000000000000062e-03
2.451437846750000026e+06 1.382399999999999984e+01 3.000000000000000062e-03
2.451440885410000104e+06 1.411599999999999966e+01 3.000000000000000062e-03
2.451443883320000023e+06 1.416499999999999915e+01 3.000000000000000062e-03
2.451447806410000194e+06 1.397000000000000064e+01 3.000000000000000062e-03
2.451449848129999824e+06 1.424399999999999977e+01 3.000000000000000062e-03
2.451454762310000136e+06 1.394999999999999929e+01 3.000000000000000062e-03
2.451455885970000178e+06 1.403899999999999970e+01 3.000000000000000062e-03
2.451458799920000136e+06 1.429100000000000037e+01 3.000000000000000062e-03
2.451459867300000042e+06 1.394100000000000072e+01 3.000000000000000062e-03
2.451462738499999978e+06 1.393999999999999950e+01 3.000000000000000062e-03
2.451475818239999935e+06 1.377699999999999925e+01 3.000000000000000062e-03
2.451477705099999905e+06 1.393699999999999939e+01 3.000000000000000062e-03
2.451479745269999839e+06 1.413400000000000034e+01 3.000000000000000062e-03
2.451484760720000137e+06 1.389899999999999913e+01 3.000000000000000062e-03
2.451487802319999784e+06 1.417200000000000060e+01 3.000000000000000062e-03
2.451491725509999786e+06 1.383099999999999952e+01 3.000000000000000062e-03
2.451493826069999952e+06 1.394299999999999962e+01 3.000000000000000062e-03
2.451496611870000139e+06 1.430100000000000016e+01 3.000000000000000062e-03
2.451498754410000052e+06 1.380000000000000071e+01 3.000000000000000062e-03
2.451501838479999918e+06 1.397199999999999953e+01 3.000000000000000062e-03
2.451503733239999972e+06 1.422600000000000087e+01 3.000000000000000062e-03
2.451505839860000182e+06 1.406199999999999939e+01 3.000000000000000062e-03
2.451507786979999859e+06 1.389000000000000057e+01 3.000000000000000062e-03
2.451511659700000193e+06 1.424600000000000044e+01 3.000000000000000062e-03
2.451514706739999820e+06 1.381700000000000017e+01 3.000000000000000062e-03
2.451517696270000190e+06 1.406300000000000061e+01 3.000000000000000062e-03
2.451521721330000088e+06 1.383600000000000030e+01 3.000000000000000062e-03
2.451522698909999803e+06 1.383600000000000030e+01 3.000000000000000062e-03
2.451523755379999988e+06 1.394599999999999973e+01 3.000000000000000062e-03
2.451527819180000108e+06 1.432199999999999918e+01 3.000000000000000062e-03
2.451528721630000044e+06 1.415700000000000003e+01 3.000000000000000062e-03
2.451531739250000101e+06 1.394200000000000017e+01 3.000000000000000062e-03
2.451538695960000157e+06 1.389799999999999969e+01 3.000000000000000062e-03
2.451541652029999997e+06 1.416600000000000037e+01 3.000000000000000062e-03
2.451542751949999947e+06 1.428400000000000070e+01 3.000000000000000062e-03
2.451544708750000224e+06 1.390099999999999980e+01 3.000000000000000062e-03
2.451547734819999896e+06 1.394800000000000040e+01 3.000000000000000062e-03
2.451548712189999875e+06 1.410200000000000031e+01 3.000000000000000062e-03
2.451549777550000232e+06 1.420500000000000007e+01 3.000000000000000062e-03
2.451551741419999860e+06 1.418999999999999950e+01 3.000000000000000062e-03
2.451552674689999782e+06 1.379899999999999949e+01 3.000000000000000062e-03
2.451554767640000209e+06 1.394500000000000028e+01 3.000000000000000062e-03
2.451555704460000154e+06 1.396400000000000041e+01 3.000000000000000062e-03
2.451556675110000186e+06 1.413400000000000034e+01 3.000000000000000062e-03
2.451562707489999942e+06 1.393900000000000006e+01 3.000000000000000062e-03
2.451564586120000109e+06 1.415399999999999991e+01 3.000000000000000062e-03
2.451564682159999851e+06 1.415799999999999947e+01 3.000000000000000062e-03
2.451567639580000192e+06 1.399699999999999989e+01 3.000000000000000062e-03
2.451570737019999884e+06 1.393500000000000050e+01 3.000000000000000062e-03
2.451574732679999899e+06 1.422799999999999976e+01 3.000000000000000062e-03
2.451576632389999926e+06 1.383699999999999974e+01 3.000000000000000062e-03
2.451578734000000171e+06 1.394999999999999929e+01 3.000000000000000062e-03
2.451581647869999986e+06 1.430300000000000082e+01 3.000000000000000062e-03
2.451584626370000187e+06 1.385999999999999943e+01 3.000000000000000062e-03
2.451587614229999948e+06 1.414000000000000057e+01 3.000000000000000062e-03
2.451590621280000079e+06 1.405100000000000016e+01 3.000000000000000062e-03
2.451595693950000219e+06 1.416699999999999982e+01 3.000000000000000062e-03
2.451599705289999954e+06 1.382600000000000051e+01 3.000000000000000062e-03
2.451600679810000118e+06 1.393099999999999916e+01 3.000000000000000062e-03
2.451604530489999801e+06 1.429700000000000060e+01 3.000000000000000062e-03
2.451606544230000116e+06 1.382399999999999984e+01 3.000000000000000062e-03
2.451609563480000012e+06 1.395199999999999996e+01 3.000000000000000062e-03
2.451610607739999890e+06 1.412400000000000055e+01 3.000000000000000062e-03
2.451611639179999940e+06 1.423499999999999943e+01 3.000000000000000062e-03
2.451612533530000132e+06 1.430599999999999916e+01 3.000000000000000062e-03
2.451613624940000009e+06 1.410299999999999976e+01 3.000000000000000062e-03
2.451614525779999793e+06 1.379100000000000037e+01 3.000000000000000062e-03
2.451615530679999851e+06 1.387899999999999956e+01 3.000000000000000062e-03
2.451616545069999993e+06 1.393099999999999916e+01 3.000000000000000062e-03
2.451617530040000100e+06 1.398700000000000010e+01 3.000000000000000062e-03
2.451618536720000207e+06 1.414400000000000013e+01 3.000000000000000062e-03
2.451619585810000077e+06 1.426299999999999990e+01 3.000000000000000062e-03
2.451620606869999785e+06 1.430300000000000082e+01 3.000000000000000062e-03
2.451621525009999983e+06 1.401900000000000013e+01 3.000000000000000062e-03
2.451622592410000041e+06 1.380700000000000038e+01 3.000000000000000062e-03
2.451623547319999896e+06 1.390499999999999936e+01 3.000000000000000062e-03
2.451624554990000091e+06 1.393800000000000061e+01 3.000000000000000062e-03
2.451625566939999815e+06 1.405899999999999928e+01 3.000000000000000062e-03
2.451626659430000000e+06 1.417900000000000027e+01 3.000000000000000062e-03
2.451627574570000172e+06 1.429100000000000037e+01 3.000000000000000062e-03
2.451628513499999885e+06 1.426900000000000013e+01 3.000000000000000062e-03
2.451630540399999823e+06 1.383900000000000041e+01 3.000000000000000062e-03
2.451631538079999853e+06 1.392699999999999960e+01 3.000000000000000062e-03
2.451632616239999887e+06 1.394699999999999918e+01 3.000000000000000062e-03
2.451633528890000191e+06 1.410899999999999999e+01 3.000000000000000062e-03
2.451634568529999815e+06 1.420599999999999952e+01 3.000000000000000062e-03
2.451635536770000122e+06 1.430400000000000027e+01 3.000000000000000062e-03
2.451643557560000103e+06 1.432499999999999929e+01 3.000000000000000062e-03
2.451650518120000139e+06 1.426999999999999957e+01 3.000000000000000062e-03
2.451653594089999795e+06 1.381400000000000006e+01 3.000000000000000062e-03
2.451656574680000078e+06 1.409900000000000020e+01 3.000000000000000062e-03
2.451658552149999887e+06 1.429899999999999949e+01 3.000000000000000062e-03
2.451661482479999773e+06 1.383999999999999986e+01 3.000000000000000062e-03
2.451663507629999891e+06 1.394999999999999929e+01 3.000000000000000062e-03
2.451665523819999769e+06 1.423000000000000043e+01 3.000000000000000062e-03
2.451671519700000063e+06 1.398700000000000010e+01 3.000000000000000062e-03
2.451676514250000007e+06 1.380400000000000027e+01 3.000000000000000062e-03
2.451684514219999779e+06 1.383999999999999986e+01 3.000000000000000062e-03
2.451694515780000016e+06 1.397300000000000075e+01 3.000000000000000062e-03
2.451766908770000096e+06 1.430599999999999916e+01 3.000000000000000062e-03
2.451768896149999928e+06 1.380000000000000071e+01 3.000000000000000062e-03
2.451782883400000166e+06 1.421599999999999930e+01 3.000000000000000062e-03
2.451789829320000019e+06 1.430700000000000038e+01 3.000000000000000062e-03
2.451804778700000141e+06 1.428899999999999970e+01 3.000000000000000062e-03
2.451809840669999830e+06 1.394999999999999929e+01 3.000000000000000062e-03
2.451814878620000090e+06 1.378899999999999970e+01 3.000000000000000062e-03
2.451817880530000199e+06 1.397600000000000087e+01 3.000000000000000062e-03
2.451822824349999893e+06 1.379700000000000060e+01 3.000000000000000062e-03
2.451828888559999876e+06 1.427299999999999969e+01 3.000000000000000062e-03
2.451829860119999852e+06 1.390199999999999925e+01 3.000000000000000062e-03
2.451833814929999877e+06 1.405400000000000027e+01 3.000000000000000062e-03
2.451843839960000012e+06 1.431499999999999950e+01 3.000000000000000062e-03
2.451850819759999868e+06 1.427299999999999969e+01 3.000000000000000062e-03
2.451855822459999938e+06 1.394599999999999973e+01 3.000000000000000062e-03
2.451860795679999981e+06 1.385999999999999943e+01 3.000000000000000062e-03
2.451863769230000209e+06 1.394299999999999962e+01 3.000000000000000062e-03
2.451865824070000090e+06 1.421199999999999974e+01 3.000000000000000062e-03
2.451867792799999937e+06 1.416999999999999993e+01 3.000000000000000062e-03
2.451869766259999946e+06 1.386599999999999966e+01 3.000000000000000062e-03
2.451872764909999911e+06 1.413799999999999990e+01 3.000000000000000062e-03
