2.450729844510000199e+06 1.537400000000000055e+01 3.000000000000000062e-03
2.450836657790000085e+06 1.536200000000000010e+01 3.000000000000000062e-03
2.450845643259999808e+06 1.537800000000000011e+01 3.000000000000000062e-03
2.450857702000000048e+06 1.512599999999999945e+01 3.000000000000000062e-03
2.450858655819999985e+06 1.531499999999999950e+01 4.000000000000000083e-03
2.450860672929999884e+06 1.524300000000000033e+01 3.000000000000000062e-03
2.450865540610000025e+06 1.532600000000000051e+01 3.000000000000000062e-03
2.450876576739999931e+06 1.523600000000000065e+01 3.000000000000000062e-03
2.450878713609999977e+06 1.521499999999999986e+01 3.000000000000000062e-03
2.450885607079999987e+06 1.524300000000000033e+01 4.000000000000000083e-03
2.450892562530000228e+06 1.525900000000000034e+01 3.000000000000000062e-03
2.450898583550000098e+06 1.510999999999999943e+01 3.000000000000000062e-03
2.450918598790000193e+06 1.525799999999999912e+01 4.000000000000000083e-03
2.450928564989999868e+06 1.518800000000000061e+01 4.000000000000000083e-03
2.450933527269999962e+06 1.529100000000000037e+01 3.000000000000000062e-03
2.450951485199999996e+06 1.525300000000000011e+01 3.000000000000000062e-03
2.451089776709999889e+06 1.520800000000000018e+01 3.000000000000000062e-03
2.451107843630000018e+06 1.517500000000000071e+01 3.000000000000000062e-03
2.451113856790000107e+06 1.521700000000000053e+01 3.000000000000000062e-03
2.451151843080000021e+06 1.536700000000000088e+01 3.000000000000000062e-03
2.451161801030000206e+06 1.513499999999999979e+01 3.000000000000000062e-03
2.451163797670000233e+06 1.519299999999999962e+01 3.000000000000000062e-03
2.451174839250000194e+06 1.533000000000000007e+01 3.000000000000000062e-03
2.451178757220000029e+06 1.532600000000000051e+01 3.000000000000000062e-03
2.451185805230000056e+06 1.536599999999999966e+01 3.000000000000000062e-03
2.451187758479999844e+06 1.531600000000000072e+01 3.000000000000000062e-03
2.451191811749999877e+06 1.517900000000000027e+01 3.000000000000000062e-03
2.451192842509999871e+06 1.539499999999999957e+01 3.000000000000000062e-03
2.451194662020000163e+06 1.534299999999999997e+01 3.000000000000000062e-03
2.451196678880000021e+06 1.525399999999999956e+01 3.000000000000000062e-03
2.451204664410000201e+06 1.520400000000000063e+01 3.000000000000000062e-03
2.451207677180000115e+06 1.516999999999999993e+01 3.000000000000000062e-03
2.451211688310000114e+06 1.514400000000000013e+01 3.000000000000000062e-03
2.451213719000000041e+06 1.520199999999999996e+01 3.000000000000000062e-03
2.451214726900000125e+06 1.523600000000000065e+01 3.000000000000000062e-03
2.451216621079999954e+06 1.513899999999999935e+01 3.000000000000000062e-03
2.451217688699999824e+06 1.537800000000000011e+01 3.000000000000000062e-03
2.451219625909999944e+06 1.533300000000000018e+01 3.000000000000000062e-03
2.451221596599999815e+06 1.526500000000000057e+01 3.000000000000000062e-03
2.451226574649999849e+06 1.535699999999999932e+01 3.000000000000000062e-03
2.451227581710000057e+06 1.514000000000000057e+01 3.000000000000000062e-03
2.451232671279999893e+06 1.519200000000000017e+01 3.000000000000000062e-03
2.451235572470000014e+06 1.534800000000000075e+01 3.000000000000000062e-03
2.451238658400000073e+06 1.522499999999999964e+01 3.000000000000000062e-03
2.451242631980000064e+06 1.536999999999999922e+01 3.000000000000000062e-03
2.451243599560000002e+06 1.512400000000000055e+01 3.000000000000000062e-03
2.451247678689999972e+06 1.523600000000000065e+01 3.000000000000000062e-03
2.451258585150000174e+06 1.537899999999999956e+01 3.000000000000000062e-03
2.451260612269999925e+06 1.536400000000000077e+01 3.000000000000000062e-03
2.451268518829999957e+06 1.511899999999999977e+01 3.000000000000000062e-03
2.451278518829999957e+06 1.530599999999999916e+01 4.000000000000000083e-03
2.451281526889999863e+06 1.533399999999999963e+01 4.000000000000000083e-03
2.451290496609999798e+06 1.536500000000000021e+01 4.000000000000000083e-03
2.451308543000000063e+06 1.538700000000000045e+01 4.000000000000000083e-03
2.451315502179999836e+06 1.533500000000000085e+01 4.000000000000000083e-03
2.451431832839999814e+06 1.513199999999999967e+01 3.000000000000000062e-03
2.451433829409999773e+06 1.520400000000000063e+01 3.000000000000000062e-03
2.451435877319999970e+06 1.531499999999999950e+01 3.000000000000000062e-03
2.451437870019999798e+06 1.537599999999999945e+01 3.000000000000000062e-03
2.451441846160000190e+06 1.529499999999999993e+01 3.000000000000000062e-03
2.451443800340000074e+06 1.521199999999999974e+01 4.000000000000000083e-03
2.451447774100000039e+06 1.513100000000000023e+01 4.000000000000000083e-03
2.451448864819999784e+06 1.534099999999999930e+01 4.000000000000000083e-03
2.451455783079999965e+06 1.537500000000000000e+01 4.000000000000000083e-03
2.451458768970000092e+06 1.523300000000000054e+01 4.000000000000000083e-03
2.451460780759999994e+06 1.532399999999999984e+01 3.000000000000000062e-03
2.451461736940000206e+06 1.515099999999999980e+01 3.000000000000000062e-03
2.451471747369999997e+06 1.536599999999999966e+01 3.000000000000000062e-03
2.451475841820000205e+06 1.527899999999999991e+01 3.000000000000000062e-03
2.451478766540000215e+06 1.537899999999999956e+01 3.000000000000000062e-03
2.451481828759999946e+06 1.511700000000000088e+01 3.000000000000000062e-03
2.451484833079999778e+06 1.524600000000000044e+01 3.000000000000000062e-03
2.451487825860000215e+06 1.537599999999999945e+01 3.000000000000000062e-03
2.451491764609999955e+06 1.528299999999999947e+01 3.000000000000000062e-03
2.451493706520000007e+06 1.518800000000000061e+01 3.000000000000000062e-03
2.451495749969999772e+06 1.513599999999999923e+01 3.000000000000000062e-03
2.451498671109999996e+06 1.531000000000000050e+01 3.000000000000000062e-03
2.451500811629999895e+06 1.528400000000000070e+01 3.000000000000000062e-03
2.451503701929999981e+06 1.538000000000000078e+01 3.000000000000000062e-03
2.451505808780000079e+06 1.537299999999999933e+01 3.000000000000000062e-03
2.451507704830000177e+06 1.529800000000000004e+01 4.000000000000000083e-03
2.451508821419999935e+06 1.517900000000000027e+01 3.000000000000000062e-03
2.451509682949999813e+06 1.522000000000000064e+01 3.000000000000000062e-03
2.451510648459999822e+06 1.535899999999999999e+01 3.000000000000000062e-03
2.451511731079999823e+06 1.516699999999999982e+01 3.000000000000000062e-03
2.451512765110000037e+06 1.537700000000000067e+01 3.000000000000000062e-03
2.451514779600000009e+06 1.536800000000000033e+01 4.000000000000000083e-03
2.451516825370000210e+06 1.530899999999999928e+01 3.000000000000000062e-03
2.451518697259999812e+06 1.520899999999999963e+01 3.000000000000000062e-03
2.451520722570000216e+06 1.513700000000000045e+01 3.000000000000000062e-03
2.451522723259999882e+06 1.511200000000000010e+01 3.000000000000000062e-03
2.451523723410000093e+06 1.533000000000000007e+01 3.000000000000000062e-03
2.451525699349999893e+06 1.525999999999999979e+01 3.000000000000000062e-03
2.451527764690000098e+06 1.519299999999999962e+01 3.000000000000000062e-03
2.451528690620000008e+06 1.538499999999999979e+01 3.000000000000000062e-03
2.451529816060000099e+06 1.514799999999999969e+01 3.000000000000000062e-03
2.451531708010000177e+06 1.513299999999999912e+01 3.000000000000000062e-03
2.451538665130000096e+06 1.511800000000000033e+01 3.000000000000000062e-03
2.451541620959999971e+06 1.526500000000000057e+01 3.000000000000000062e-03
2.451542775330000091e+06 1.522300000000000075e+01 3.000000000000000062e-03
2.451544677660000045e+06 1.536400000000000077e+01 3.000000000000000062e-03
2.451546702349999920e+06 1.538599999999999923e+01 4.000000000000000083e-03
2.451547703960000072e+06 1.511400000000000077e+01 3.000000000000000062e-03
2.451548681119999848e+06 1.532300000000000040e+01 3.000000000000000062e-03
2.451551710479999892e+06 1.526900000000000013e+01 3.000000000000000062e-03
2.451552643389999866e+06 1.517900000000000027e+01 3.000000000000000062e-03
2.451553667090000119e+06 1.537599999999999945e+01 3.000000000000000062e-03
2.451554645700000226e+06 1.511800000000000033e+01 3.000000000000000062e-03
2.451555670179999899e+06 1.537299999999999933e+01 3.000000000000000062e-03
2.451556644319999963e+06 1.513799999999999990e+01 3.000000000000000062e-03
2.451560636039999779e+06 1.533399999999999963e+01 3.000000000000000062e-03
2.451564555159999989e+06 1.532099999999999973e+01 3.000000000000000062e-03
2.451568631839999929e+06 1.521599999999999930e+01 3.000000000000000062e-03
2.451571641530000139e+06 1.537899999999999956e+01 3.000000000000000062e-03
2.451575655910000205e+06 1.526200000000000045e+01 3.000000000000000062e-03
2.451578696219999809e+06 1.537400000000000055e+01 3.000000000000000062e-03
2.451580707010000013e+06 1.537100000000000044e+01 3.000000000000000062e-03
2.451582641499999911e+06 1.530499999999999972e+01 3.000000000000000062e-03
2.451585632269999944e+06 1.532300000000000040e+01 3.000000000000000062e-03
2.451588635549999774e+06 1.511200000000000010e+01 3.000000000000000062e-03
2.451591599400000181e+06 1.529700000000000060e+01 4.000000000000000083e-03
2.451595592639999930e+06 1.513199999999999967e+01 3.000000000000000062e-03
2.451599658629999962e+06 1.514400000000000013e+01 3.000000000000000062e-03
2.451600625490000006e+06 1.526800000000000068e+01 3.000000000000000062e-03
2.451601618640000001e+06 1.527999999999999936e+01 3.000000000000000062e-03
2.451602685089999810e+06 1.519500000000000028e+01 3.000000000000000062e-03
2.451604616690000053e+06 1.513199999999999967e+01 3.000000000000000062e-03
2.451606573650000151e+06 1.513000000000000078e+01 3.000000000000000062e-03
2.451609529889999889e+06 1.523499999999999943e+01 3.000000000000000062e-03
2.451610544819999952e+06 1.536500000000000021e+01 3.000000000000000062e-03
2.451611604900000151e+06 1.517600000000000016e+01 3.000000000000000062e-03
2.451613585289999843e+06 1.511200000000000010e+01 3.000000000000000062e-03
2.451614656340000220e+06 1.536599999999999966e+01 3.000000000000000062e-03
2.451616513999999966e+06 1.525799999999999912e+01 3.000000000000000062e-03
2.451618663190000225e+06 1.525099999999999945e+01 3.000000000000000062e-03
2.451619553220000118e+06 1.536599999999999966e+01 3.000000000000000062e-03
2.451621549370000139e+06 1.537500000000000000e+01 4.000000000000000083e-03
2.451623646519999951e+06 1.534699999999999953e+01 3.000000000000000062e-03
2.451625627570000011e+06 1.527399999999999913e+01 3.000000000000000062e-03
2.451627597870000172e+06 1.521100000000000030e+01 3.000000000000000062e-03
2.451628537779999897e+06 1.538000000000000078e+01 3.000000000000000062e-03
2.451630509409999941e+06 1.536299999999999955e+01 4.000000000000000083e-03
2.451631507240000181e+06 1.513899999999999935e+01 3.000000000000000062e-03
2.451633622640000191e+06 1.519100000000000072e+01 3.000000000000000062e-03
2.451635505630000029e+06 1.535100000000000087e+01 3.000000000000000062e-03
2.451643581639999989e+06 1.523300000000000054e+01 4.000000000000000083e-03
2.451645514729999937e+06 1.514600000000000080e+01 4.000000000000000083e-03
2.451653500059999991e+06 1.538000000000000078e+01 4.000000000000000083e-03
2.451655543969999999e+06 1.537199999999999989e+01 3.000000000000000062e-03
2.451657553450000007e+06 1.531199999999999939e+01 3.000000000000000062e-03
2.451659568070000038e+06 1.524900000000000055e+01 3.000000000000000062e-03
2.451662535649999976e+06 1.538299999999999912e+01 3.000000000000000062e-03
2.451664558720000088e+06 1.535500000000000043e+01 3.000000000000000062e-03
2.451669528630000073e+06 1.535999999999999943e+01 4.000000000000000083e-03
2.451672501350000035e+06 1.511800000000000033e+01 3.000000000000000062e-03
2.451687498959999997e+06 1.536999999999999922e+01 4.000000000000000083e-03
2.451695484310000204e+06 1.513700000000000045e+01 3.000000000000000062e-03
2.451766877069999930e+06 1.538499999999999979e+01 4.000000000000000083e-03
2.451768862679999787e+06 1.533999999999999986e+01 3.000000000000000062e-03
2.451773921010000166e+06 1.536400000000000077e+01 3.000000000000000062e-03
2.451782852249999996e+06 1.538100000000000023e+01 3.000000000000000062e-03
2.451788860679999925e+06 1.523900000000000077e+01 3.000000000000000062e-03
2.451804855920000002e+06 1.524399999999999977e+01 3.000000000000000062e-03
2.451811876490000170e+06 1.532600000000000051e+01 3.000000000000000062e-03
2.451815852680000011e+06 1.517900000000000027e+01 3.000000000000000062e-03
2.451822734379999805e+06 1.520400000000000063e+01 3.000000000000000062e-03
2.451829883640000131e+06 1.528700000000000081e+01 3.000000000000000062e-03
2.451850772890000138e+06 1.538400000000000034e+01 3.000000000000000062e-03
2.451854829890000168e+06 1.526099999999999923e+01 3.000000000000000062e-03
2.451858777019999921e+06 1.511999999999999922e+01 3.000000000000000062e-03
2.451860819360000081e+06 1.512700000000000067e+01 3.000000000000000062e-03
2.451863792499999981e+06 1.524900000000000055e+01 3.000000000000000062e-03
2.451866743189999834e+06 1.538499999999999979e+01 3.000000000000000062e-03
2.451868724289999809e+06 1.533099999999999952e+01 3.000000000000000062e-03
2.451870845329999924e+06 1.531300000000000061e+01 3.000000000000000062e-03
