2.450455688190000132e+06 2.067099999999999937e+01 1.130000000000000032e-01
2.450455715830000117e+06 2.099299999999999855e+01 1.610000000000000042e-01
2.450455760379999876e+06 2.057799999999999940e+01 1.300000000000000044e-01
2.450456583490000106e+06 2.101399999999999935e+01 1.690000000000000113e-01
2.450456620720000006e+06 2.096099999999999852e+01 1.539999999999999980e-01
2.450456703939999919e+06 2.108800000000000097e+01 2.419999999999999929e-01
2.450456751410000026e+06 2.133399999999999963e+01 2.369999999999999885e-01
2.450456802840000018e+06 2.151000000000000156e+01 3.150000000000000022e-01
2.450457551169999875e+06 2.036899999999999977e+01 1.229999999999999982e-01
2.450457595110000111e+06 2.087600000000000122e+01 1.650000000000000078e-01
2.450457653779999819e+06 2.076999999999999957e+01 1.539999999999999980e-01
2.450457712330000009e+06 2.082400000000000162e+01 1.340000000000000080e-01
2.450457771009999793e+06 2.048400000000000176e+01 1.029999999999999943e-01
2.450458627499999944e+06 2.091799999999999926e+01 1.880000000000000004e-01
2.450458686220000032e+06 2.029700000000000060e+01 1.350000000000000089e-01
2.450458755419999827e+06 2.048900000000000077e+01 1.499999999999999944e-01
2.450459544759999961e+06 2.019300000000000139e+01 1.160000000000000059e-01
2.450459590969999786e+06 2.074200000000000088e+01 1.809999999999999942e-01
2.450459649509999901e+06 2.085900000000000176e+01 1.610000000000000042e-01
2.450459708980000112e+06 2.080699999999999861e+01 1.400000000000000133e-01
2.450459752749999985e+06 2.082999999999999829e+01 1.600000000000000033e-01
2.450459796600000001e+06 2.041100000000000136e+01 1.019999999999999934e-01
2.450461555689999834e+06 2.125000000000000000e+01 2.459999999999999964e-01
2.450461599510000087e+06 2.084499999999999886e+01 1.729999999999999871e-01
2.450461658110000193e+06 2.047500000000000142e+01 1.189999999999999947e-01
2.450461724289999809e+06 2.086499999999999844e+01 1.310000000000000053e-01
2.450461786280000117e+06 2.081800000000000139e+01 1.620000000000000051e-01
2.450462556199999992e+06 2.067599999999999838e+01 1.429999999999999882e-01
2.450462614839999937e+06 2.141199999999999903e+01 2.550000000000000044e-01
2.450462660819999874e+06 2.088200000000000145e+01 1.499999999999999944e-01
2.450465659669999965e+06 2.147200000000000131e+01 3.579999999999999849e-01
2.450465707340000197e+06 2.074899999999999878e+01 1.910000000000000031e-01
2.450465792200000025e+06 2.115599999999999881e+01 2.250000000000000056e-01
2.450466643430000171e+06 2.075000000000000000e+01 1.570000000000000007e-01
2.450466709939999972e+06 2.140700000000000003e+01 2.630000000000000115e-01
2.450466794910000172e+06 2.091900000000000048e+01 1.970000000000000084e-01
2.450467647069999948e+06 2.134400000000000119e+01 2.520000000000000018e-01
2.450467751680000219e+06 2.049500000000000099e+01 1.300000000000000044e-01
2.450467817609999795e+06 2.093700000000000117e+01 1.890000000000000013e-01
2.450468653760000132e+06 2.123300000000000054e+01 3.459999999999999742e-01
2.450468723929999862e+06 2.092299999999999827e+01 1.809999999999999942e-01
2.450468782540000044e+06 2.098999999999999844e+01 1.670000000000000095e-01
2.450469654629999772e+06 2.107000000000000028e+01 2.469999999999999973e-01
2.450469731439999770e+06 2.062600000000000122e+01 1.729999999999999871e-01
2.450469791650000028e+06 2.061599999999999966e+01 1.799999999999999933e-01
2.450470729420000222e+06 2.053699999999999903e+01 2.059999999999999887e-01
2.450471640480000060e+06 2.049800000000000111e+01 1.409999999999999865e-01
2.450471777240000200e+06 2.140200000000000102e+01 3.790000000000000036e-01
2.450472615040000062e+06 2.073699999999999832e+01 1.819999999999999951e-01
2.450472658919999842e+06 2.099599999999999866e+01 2.069999999999999896e-01
2.450472702690000180e+06 2.080099999999999838e+01 2.169999999999999984e-01
2.450472768649999984e+06 2.065500000000000114e+01 1.809999999999999942e-01
2.450472842009999789e+06 2.058099999999999952e+01 2.310000000000000109e-01
2.450473682719999924e+06 2.123199999999999932e+01 5.020000000000000018e-01
2.450474694629999809e+06 2.070799999999999841e+01 1.690000000000000113e-01
2.450474761080000084e+06 2.064199999999999946e+01 2.069999999999999896e-01
2.450475529019999783e+06 2.069500000000000028e+01 1.930000000000000049e-01
2.450475587799999863e+06 2.098199999999999932e+01 2.270000000000000073e-01
2.450475653950000182e+06 2.115700000000000003e+01 2.879999999999999782e-01
2.450475706079999916e+06 2.163200000000000145e+01 4.859999999999999876e-01
2.450475753169999924e+06 2.059100000000000108e+01 2.220000000000000029e-01
2.450476734110000078e+06 2.046799999999999997e+01 1.519999999999999962e-01
2.450477525760000106e+06 2.057300000000000040e+01 2.139999999999999958e-01
2.450477571330000181e+06 2.139199999999999946e+01 2.690000000000000169e-01
2.450477724500000011e+06 2.082400000000000162e+01 1.610000000000000042e-01
2.450477805379999802e+06 2.162399999999999878e+01 3.890000000000000124e-01
2.450477849630000070e+06 2.048600000000000065e+01 1.710000000000000131e-01
2.450478531899999827e+06 2.057300000000000040e+01 1.610000000000000042e-01
2.450478752309999894e+06 2.087800000000000011e+01 1.539999999999999980e-01
2.450478811249999795e+06 2.085800000000000054e+01 1.640000000000000069e-01
2.450479530730000231e+06 2.066100000000000136e+01 1.960000000000000075e-01
2.450479574649999849e+06 2.076599999999999824e+01 1.370000000000000107e-01
2.450479766689999960e+06 2.071000000000000085e+01 1.700000000000000122e-01
2.450479812270000111e+06 2.087699999999999889e+01 2.300000000000000100e-01
2.450480566769999918e+06 2.087199999999999989e+01 2.069999999999999896e-01
2.450480647940000053e+06 2.062099999999999866e+01 1.270000000000000018e-01
2.450480741539999843e+06 2.080099999999999838e+01 1.719999999999999862e-01
2.450480785620000213e+06 2.104200000000000159e+01 2.240000000000000047e-01
2.450481551969999913e+06 2.266499999999999915e+01 9.260000000000000453e-01
2.450481700370000210e+06 2.060200000000000031e+01 1.300000000000000044e-01
2.450481744340000208e+06 2.087199999999999989e+01 1.839999999999999969e-01
2.450481788300000131e+06 2.094999999999999929e+01 2.059999999999999887e-01
2.450482701179999858e+06 2.057400000000000162e+01 1.330000000000000071e-01
2.450482779130000155e+06 2.080900000000000105e+01 1.869999999999999996e-01
2.450483567480000202e+06 2.032999999999999829e+01 1.360000000000000098e-01
2.450483611899999902e+06 2.090500000000000114e+01 2.039999999999999869e-01
2.450483655809999909e+06 2.142500000000000071e+01 3.240000000000000102e-01
2.450483699789999984e+06 2.093299999999999983e+01 1.890000000000000013e-01
2.450483743679999840e+06 2.105300000000000082e+01 2.159999999999999976e-01
2.450483787609999999e+06 2.046900000000000119e+01 1.320000000000000062e-01
2.450484566149999853e+06 2.060800000000000054e+01 1.640000000000000069e-01
2.450484674829999916e+06 2.099399999999999977e+01 2.119999999999999940e-01
2.450484719200000167e+06 2.116300000000000026e+01 2.169999999999999984e-01
2.450484763220000081e+06 2.067699999999999960e+01 1.479999999999999927e-01
2.450485569809999783e+06 2.083299999999999841e+01 1.610000000000000042e-01
2.450485716709999833e+06 2.076599999999999824e+01 1.570000000000000007e-01
2.450485760859999806e+06 2.051000000000000156e+01 1.380000000000000115e-01
2.450486566269999836e+06 2.073000000000000043e+01 1.620000000000000051e-01
2.450486611860000063e+06 2.081299999999999883e+01 1.600000000000000033e-01
2.450486708399999887e+06 2.038200000000000145e+01 1.250000000000000000e-01
2.450486753560000099e+06 2.096300000000000097e+01 2.010000000000000120e-01
2.450487593230000231e+06 2.103200000000000003e+01 1.660000000000000087e-01
2.450487641470000148e+06 2.077799999999999869e+01 1.630000000000000060e-01
2.450487689309999812e+06 2.112500000000000000e+01 2.109999999999999931e-01
2.450488578759999946e+06 2.109700000000000131e+01 2.109999999999999931e-01
2.450488622729999945e+06 2.100499999999999901e+01 1.769999999999999907e-01
2.450488691579999868e+06 2.116900000000000048e+01 2.149999999999999967e-01
2.450488735599999782e+06 2.080900000000000105e+01 1.680000000000000104e-01
2.450488779660000000e+06 2.049299999999999855e+01 1.880000000000000004e-01
2.450489611039999872e+06 2.082199999999999918e+01 1.390000000000000124e-01
2.450489643480000086e+06 2.071000000000000085e+01 1.239999999999999991e-01
2.450489687409999780e+06 2.045200000000000173e+01 1.100000000000000006e-01
2.450489731329999864e+06 2.064099999999999824e+01 1.260000000000000009e-01
2.450489775359999854e+06 2.052700000000000102e+01 1.290000000000000036e-01
2.450490547770000063e+06 2.105600000000000094e+01 1.610000000000000042e-01
2.450490684960000217e+06 2.084199999999999875e+01 1.630000000000000060e-01
2.450490729050000198e+06 2.080000000000000071e+01 1.580000000000000016e-01
2.450490773010000121e+06 2.041499999999999915e+01 1.079999999999999988e-01
2.450491572269999888e+06 2.097800000000000153e+01 1.799999999999999933e-01
2.450491624079999980e+06 2.105799999999999983e+01 1.940000000000000058e-01
2.450491668200000189e+06 2.099599999999999866e+01 1.990000000000000102e-01
2.450491781570000108e+06 2.023900000000000077e+01 1.229999999999999982e-01
2.450492556429999880e+06 2.076000000000000156e+01 1.900000000000000022e-01
2.450492600329999812e+06 2.066000000000000014e+01 1.910000000000000031e-01
2.450492630779999774e+06 2.062699999999999889e+01 1.570000000000000007e-01
2.450492676649999805e+06 2.160800000000000054e+01 3.850000000000000089e-01
2.450493559460000135e+06 2.094399999999999906e+01 1.829999999999999960e-01
2.450493603980000131e+06 2.039300000000000068e+01 1.219999999999999973e-01
2.450494554190000053e+06 2.142800000000000082e+01 3.140000000000000013e-01
2.450494598120000213e+06 2.063100000000000023e+01 1.429999999999999882e-01
2.450494642349999864e+06 2.082499999999999929e+01 1.789999999999999925e-01
2.450494686650000047e+06 2.121000000000000085e+01 2.220000000000000029e-01
2.450494731670000125e+06 2.080000000000000071e+01 1.719999999999999862e-01
2.450495556989999954e+06 2.080799999999999983e+01 2.109999999999999931e-01
2.450495630630000029e+06 2.199099999999999966e+01 6.149999999999999911e-01
2.450495684109999798e+06 2.082100000000000151e+01 2.099999999999999922e-01
2.450496552399999928e+06 2.064199999999999946e+01 1.580000000000000016e-01
2.450496597149999812e+06 2.112099999999999866e+01 2.849999999999999756e-01
2.450496641220000107e+06 2.040200000000000102e+01 1.590000000000000024e-01
2.450497580120000057e+06 2.093900000000000006e+01 1.970000000000000084e-01
2.450498551460000221e+06 2.072599999999999909e+01 1.600000000000000033e-01
2.450498595499999821e+06 2.061899999999999977e+01 1.400000000000000133e-01
2.450498709249999840e+06 2.121099999999999852e+01 2.610000000000000098e-01
2.450498753180000000e+06 2.079799999999999827e+01 2.049999999999999878e-01
2.450499546409999952e+06 2.064999999999999858e+01 1.600000000000000033e-01
2.450499592120000161e+06 2.067800000000000082e+01 1.759999999999999898e-01
2.450499732400000095e+06 2.022299999999999898e+01 1.390000000000000124e-01
2.450500573940000031e+06 2.077499999999999858e+01 2.230000000000000038e-01
2.450500589149999898e+06 2.088599999999999923e+01 2.510000000000000009e-01
2.450500634010000154e+06 2.119699999999999918e+01 4.359999999999999987e-01
2.450500685180000030e+06 2.266900000000000048e+01 1.314999999999999947e+00
2.450500729590000119e+06 2.115299999999999869e+01 3.270000000000000129e-01
2.450501553280000109e+06 2.138800000000000168e+01 3.729999999999999982e-01
2.450501672059999779e+06 2.085900000000000176e+01 2.740000000000000213e-01
2.450507541720000096e+06 2.074099999999999966e+01 1.719999999999999862e-01
2.450507586930000223e+06 2.069399999999999906e+01 1.390000000000000124e-01
2.450509537640000228e+06 2.051800000000000068e+01 1.469999999999999918e-01
2.450509637010000180e+06 2.073799999999999955e+01 2.010000000000000120e-01
2.450510579249999952e+06 2.152400000000000091e+01 4.600000000000000200e-01
2.450510624799999874e+06 2.026300000000000168e+01 1.350000000000000089e-01
2.450510672410000116e+06 2.115399999999999991e+01 3.049999999999999933e-01
2.450511664690000005e+06 2.040200000000000102e+01 1.479999999999999927e-01
2.450512619690000080e+06 2.115200000000000102e+01 3.990000000000000213e-01
2.450512694000000134e+06 2.060500000000000043e+01 1.509999999999999953e-01
2.450512739510000218e+06 2.067500000000000071e+01 1.439999999999999891e-01
2.450513551669999957e+06 2.081200000000000117e+01 2.810000000000000275e-01
2.450513597209999803e+06 2.073100000000000165e+01 1.719999999999999862e-01
2.450513688899999950e+06 2.115299999999999869e+01 2.089999999999999913e-01
2.450513736130000092e+06 2.099200000000000088e+01 2.149999999999999967e-01
2.450514559890000150e+06 2.080999999999999872e+01 2.000000000000000111e-01
2.450514628959999885e+06 2.067500000000000071e+01 1.340000000000000080e-01
2.450514679320000112e+06 2.059299999999999997e+01 1.519999999999999962e-01
2.450514726170000155e+06 2.042699999999999960e+01 1.320000000000000062e-01
2.450515554020000156e+06 2.086899999999999977e+01 1.759999999999999898e-01
2.450515606929999776e+06 2.074800000000000111e+01 1.250000000000000000e-01
2.450515657029999886e+06 2.057400000000000162e+01 1.350000000000000089e-01
2.450516560329999775e+06 2.061899999999999977e+01 1.690000000000000113e-01
2.450516614519999828e+06 2.074500000000000099e+01 1.970000000000000084e-01
2.450516661510000005e+06 2.081299999999999883e+01 1.869999999999999996e-01
2.450516708039999940e+06 2.044200000000000017e+01 1.330000000000000071e-01
2.450517558319999836e+06 2.078300000000000125e+01 1.930000000000000049e-01
2.450517608200000133e+06 2.081200000000000117e+01 2.270000000000000073e-01
2.450517658170000184e+06 2.055099999999999838e+01 1.600000000000000033e-01
2.450517704340000171e+06 2.134100000000000108e+01 3.509999999999999787e-01
2.450518595670000184e+06 2.087199999999999989e+01 1.950000000000000067e-01
2.450518640930000227e+06 2.142299999999999827e+01 3.410000000000000253e-01
2.450518689999999944e+06 2.024200000000000088e+01 1.370000000000000107e-01
2.450519556309999898e+06 2.074099999999999966e+01 1.280000000000000027e-01
2.450519602930000052e+06 2.059799999999999898e+01 1.340000000000000080e-01
2.450519670479999855e+06 2.083399999999999963e+01 2.169999999999999984e-01
2.450520697110000066e+06 2.035300000000000153e+01 1.419999999999999873e-01
2.450521552600000054e+06 2.111400000000000077e+01 2.810000000000000275e-01
2.450521597699999809e+06 2.033399999999999963e+01 1.590000000000000024e-01
2.450521660500000231e+06 2.070100000000000051e+01 2.049999999999999878e-01
2.450523561660000123e+06 2.089099999999999824e+01 2.859999999999999765e-01
2.450523612960000057e+06 2.050100000000000122e+01 1.419999999999999873e-01
2.450523663809999824e+06 2.075900000000000034e+01 1.779999999999999916e-01
2.450524553909999784e+06 2.062999999999999901e+01 2.139999999999999958e-01
2.450524604030000046e+06 2.085099999999999909e+01 2.540000000000000036e-01
2.450526541259999853e+06 2.035600000000000165e+01 1.499999999999999944e-01
2.450526643259999808e+06 2.163400000000000034e+01 5.679999999999999494e-01
2.450527666439999826e+06 2.044200000000000017e+01 1.650000000000000078e-01
2.450530556570000015e+06 2.073000000000000043e+01 2.290000000000000091e-01
2.450531553960000165e+06 2.110399999999999920e+01 3.300000000000000155e-01
2.450532543450000230e+06 2.053800000000000026e+01 2.039999999999999869e-01
2.450536513590000104e+06 2.124200000000000088e+01 3.039999999999999925e-01
2.450536558819999918e+06 2.048900000000000077e+01 1.489999999999999936e-01
2.450536609319999814e+06 2.076699999999999946e+01 2.260000000000000064e-01
2.450537508229999803e+06 2.052899999999999991e+01 1.570000000000000007e-01
2.450537608430000022e+06 2.145499999999999829e+01 3.330000000000000182e-01
2.450537655249999836e+06 2.128099999999999881e+01 2.929999999999999827e-01
2.450538496230000164e+06 2.069900000000000162e+01 1.970000000000000084e-01
2.450538547950000037e+06 2.295400000000000063e+01 1.504999999999999893e+00
2.450539504840000067e+06 2.050600000000000023e+01 1.539999999999999980e-01
2.450539615970000159e+06 2.117299999999999827e+01 2.640000000000000124e-01
2.450539660060000140e+06 2.053800000000000026e+01 1.350000000000000089e-01
2.450540535050000064e+06 2.061299999999999955e+01 2.409999999999999920e-01
2.450540666110000107e+06 2.066000000000000014e+01 1.930000000000000049e-01
2.450541515199999791e+06 2.108699999999999974e+01 2.240000000000000047e-01
2.450541572269999888e+06 2.081899999999999906e+01 1.739999999999999880e-01
2.450542494959999807e+06 2.058399999999999963e+01 1.580000000000000016e-01
2.450542504279999994e+06 2.050700000000000145e+01 1.390000000000000124e-01
2.450542556210000068e+06 2.110200000000000031e+01 2.429999999999999938e-01
2.450542603689999785e+06 2.074200000000000088e+01 1.739999999999999880e-01
2.450542647820000071e+06 2.096199999999999974e+01 2.510000000000000009e-01
2.450543542539999820e+06 2.052700000000000102e+01 1.340000000000000080e-01
2.450543586620000191e+06 2.092000000000000171e+01 2.169999999999999984e-01
2.450543623670000117e+06 2.060399999999999920e+01 1.670000000000000095e-01
2.450543667700000107e+06 2.112199999999999989e+01 2.790000000000000258e-01
2.450544495370000135e+06 2.064099999999999824e+01 1.620000000000000051e-01
2.450544539619999938e+06 2.110600000000000165e+01 2.580000000000000071e-01
2.450544583860000130e+06 2.049899999999999878e+01 1.449999999999999900e-01
2.450544629100000020e+06 2.098000000000000043e+01 2.439999999999999947e-01
2.450551485069999937e+06 2.105300000000000082e+01 2.049999999999999878e-01
2.450552493379999883e+06 2.095200000000000173e+01 2.270000000000000073e-01
2.450553501749999821e+06 2.098100000000000165e+01 2.790000000000000258e-01
2.450553612540000118e+06 2.107400000000000162e+01 3.559999999999999831e-01
2.450554478560000192e+06 2.123300000000000054e+01 3.529999999999999805e-01
2.450554563999999780e+06 2.097500000000000142e+01 3.619999999999999885e-01
2.450555484889999963e+06 2.085999999999999943e+01 3.200000000000000067e-01
2.450559516050000209e+06 2.170799999999999841e+01 6.390000000000000124e-01
2.450561494159999769e+06 2.067599999999999838e+01 2.650000000000000133e-01
2.450565502660000231e+06 2.093900000000000006e+01 2.879999999999999782e-01
2.450566496650000103e+06 2.055600000000000094e+01 1.950000000000000067e-01
2.450567497740000021e+06 2.064199999999999946e+01 1.920000000000000040e-01
2.450568482960000169e+06 2.044800000000000040e+01 2.280000000000000082e-01
2.450569492800000124e+06 2.067500000000000071e+01 2.359999999999999876e-01
2.450571478620000184e+06 2.061400000000000077e+01 2.310000000000000109e-01
2.450572507120000198e+06 2.071199999999999974e+01 3.140000000000000013e-01
2.450573510960000101e+06 2.063599999999999923e+01 2.530000000000000027e-01
2.450574469380000141e+06 2.028500000000000014e+01 1.670000000000000095e-01
2.450575468020000029e+06 2.151200000000000045e+01 5.280000000000000249e-01
2.450578489990000147e+06 2.076099999999999923e+01 2.330000000000000127e-01
2.450583475449999794e+06 2.089000000000000057e+01 2.849999999999999756e-01
2.450665800749999937e+06 2.000300000000000011e+01 1.049999999999999961e-01
2.450672860789999831e+06 2.129700000000000060e+01 2.859999999999999765e-01
2.450689891249999870e+06 2.091600000000000037e+01 2.139999999999999958e-01
2.450699894629999995e+06 2.092599999999999838e+01 2.200000000000000011e-01
2.450701811559999827e+06 2.081899999999999906e+01 2.979999999999999871e-01
2.450704854040000122e+06 2.067899999999999849e+01 2.039999999999999869e-01
2.450714802910000086e+06 2.071199999999999974e+01 2.039999999999999869e-01
2.450715875669999979e+06 2.092500000000000071e+01 2.489999999999999991e-01
2.450716767489999998e+06 2.057600000000000051e+01 1.539999999999999980e-01
2.450720823869999964e+06 2.015800000000000125e+01 1.690000000000000113e-01
2.450728762740000151e+06 2.051699999999999946e+01 1.469999999999999918e-01
2.450729762709999923e+06 2.071699999999999875e+01 2.190000000000000002e-01
2.450730718299999833e+06 2.016000000000000014e+01 1.419999999999999873e-01
2.450741812530000228e+06 2.076800000000000068e+01 2.310000000000000109e-01
2.450745767339999788e+06 2.064399999999999835e+01 1.759999999999999898e-01
2.450747815799999982e+06 2.123499999999999943e+01 3.210000000000000075e-01
2.450753763710000087e+06 2.081200000000000117e+01 2.260000000000000064e-01
2.450759804190000053e+06 2.121600000000000108e+01 3.410000000000000253e-01
2.450766778340000194e+06 2.087099999999999866e+01 3.280000000000000138e-01
2.450772797429999802e+06 2.071499999999999986e+01 2.039999999999999869e-01
2.450775779149999842e+06 2.113899999999999935e+01 2.300000000000000100e-01
2.450779797819999978e+06 2.064399999999999835e+01 1.920000000000000040e-01
2.450781814679999836e+06 2.118599999999999994e+01 3.260000000000000120e-01
2.450787774249999784e+06 2.082900000000000063e+01 2.250000000000000056e-01
2.450789758200000040e+06 2.110999999999999943e+01 3.240000000000000102e-01
2.450790768740000203e+06 2.073799999999999955e+01 2.419999999999999929e-01
2.450795726350000128e+06 2.105199999999999960e+01 2.550000000000000044e-01
2.450796798200000077e+06 2.093199999999999861e+01 3.049999999999999933e-01
2.450797726009999868e+06 2.108699999999999974e+01 2.550000000000000044e-01
2.450798697989999782e+06 2.044200000000000017e+01 1.330000000000000071e-01
2.450816753920000046e+06 2.027599999999999980e+01 1.370000000000000107e-01
2.450817673140000086e+06 2.062800000000000011e+01 1.640000000000000069e-01
2.450819772859999910e+06 2.038899999999999935e+01 1.809999999999999942e-01
2.450822787029999774e+06 2.079100000000000037e+01 1.960000000000000075e-01
2.450826639810000081e+06 2.040800000000000125e+01 1.590000000000000024e-01
2.450829710429999977e+06 2.057100000000000151e+01 1.859999999999999987e-01
2.450832666600000113e+06 2.039900000000000091e+01 1.700000000000000122e-01
2.450836765420000069e+06 2.111700000000000088e+01 3.559999999999999831e-01
2.450840644809999969e+06 2.068700000000000117e+01 2.389999999999999902e-01
2.450843645320000127e+06 2.066700000000000159e+01 1.690000000000000113e-01
2.450850618869999889e+06 2.111599999999999966e+01 2.670000000000000151e-01
2.450855623639999889e+06 2.082100000000000151e+01 2.439999999999999947e-01
2.450856589900000021e+06 2.016700000000000159e+01 1.799999999999999933e-01
2.450858562510000076e+06 2.064399999999999835e+01 2.099999999999999922e-01
2.450860742980000097e+06 2.061799999999999855e+01 2.690000000000000169e-01
2.450864665659999941e+06 2.037300000000000111e+01 2.260000000000000064e-01
2.450875537829999812e+06 2.096399999999999864e+01 2.449999999999999956e-01
2.450879624330000021e+06 2.064799999999999969e+01 2.320000000000000118e-01
2.450880523430000059e+06 2.051500000000000057e+01 2.039999999999999869e-01
2.450887536710000131e+06 2.062900000000000134e+01 2.660000000000000142e-01
2.450892620260000229e+06 2.074399999999999977e+01 2.479999999999999982e-01
2.450898517959999852e+06 2.191600000000000037e+01 5.420000000000000373e-01
2.450922585330000147e+06 2.067200000000000060e+01 2.359999999999999876e-01
2.450931533199999947e+06 2.172400000000000020e+01 7.870000000000000329e-01
2.450940524240000173e+06 2.048300000000000054e+01 2.129999999999999949e-01
2.450951532579999883e+06 2.076099999999999923e+01 2.129999999999999949e-01
2.451045864610000048e+06 2.100600000000000023e+01 3.519999999999999796e-01
2.451051851170000155e+06 2.046999999999999886e+01 2.149999999999999967e-01
2.451052886400000192e+06 2.114000000000000057e+01 3.529999999999999805e-01
2.451053866559999995e+06 2.088800000000000168e+01 2.439999999999999947e-01
2.451054882280000020e+06 2.007400000000000162e+01 1.089999999999999997e-01
2.451059867519999854e+06 2.072500000000000142e+01 3.160000000000000031e-01
2.451068861639999785e+06 2.048900000000000077e+01 2.079999999999999905e-01
2.451069872320000082e+06 2.079299999999999926e+01 2.169999999999999984e-01
2.451071889380000066e+06 2.071799999999999997e+01 2.399999999999999911e-01
2.451081849810000043e+06 2.072899999999999920e+01 1.910000000000000031e-01
2.451087796870000195e+06 2.109900000000000020e+01 3.089999999999999969e-01
2.451091799320000224e+06 2.096600000000000108e+01 3.629999999999999893e-01
2.451095781080000103e+06 2.028900000000000148e+01 1.980000000000000093e-01
2.451102781779999845e+06 2.103699999999999903e+01 1.950000000000000067e-01
2.451106836840000004e+06 2.049299999999999855e+01 1.370000000000000107e-01
2.451107764609999955e+06 2.086599999999999966e+01 2.399999999999999911e-01
2.451112864560000133e+06 2.221600000000000108e+01 7.820000000000000284e-01
2.451119782120000105e+06 2.084199999999999875e+01 2.650000000000000133e-01
2.451131671620000154e+06 2.051599999999999824e+01 2.139999999999999958e-01
2.451132727950000204e+06 2.109100000000000108e+01 3.210000000000000075e-01
2.451136761210000142e+06 2.083500000000000085e+01 2.389999999999999902e-01
2.451138785339999944e+06 2.074599999999999866e+01 2.089999999999999913e-01
2.451142652400000021e+06 2.046499999999999986e+01 1.549999999999999989e-01
2.451144721330000088e+06 2.071199999999999974e+01 1.880000000000000004e-01
2.451151747179999948e+06 2.167099999999999937e+01 5.290000000000000258e-01
2.451158743989999872e+06 2.032999999999999829e+01 1.380000000000000115e-01
2.451161721940000076e+06 2.062399999999999878e+01 1.439999999999999891e-01
2.451165742649999913e+06 2.158099999999999952e+01 4.530000000000000138e-01
2.451169737569999881e+06 2.058899999999999864e+01 1.829999999999999960e-01
2.451174711360000074e+06 2.062999999999999901e+01 1.660000000000000087e-01
2.451179728219999932e+06 2.063599999999999923e+01 2.429999999999999938e-01
2.451186754689999856e+06 2.058800000000000097e+01 1.729999999999999871e-01
2.451187815940000117e+06 2.051699999999999946e+01 1.439999999999999891e-01
2.451188743970000185e+06 2.049899999999999878e+01 1.300000000000000044e-01
2.451196694689999800e+06 2.075400000000000134e+01 2.680000000000000160e-01
2.451203721739999950e+06 2.098300000000000054e+01 2.419999999999999929e-01
2.451207580380000174e+06 2.079299999999999926e+01 3.130000000000000004e-01
2.451211618100000080e+06 2.089199999999999946e+01 2.540000000000000036e-01
2.451214618960000109e+06 2.068400000000000105e+01 2.469999999999999973e-01
2.451217593830000143e+06 2.057499999999999929e+01 1.630000000000000060e-01
2.451220598660000134e+06 2.101800000000000068e+01 2.580000000000000071e-01
2.451223624890000094e+06 2.105699999999999861e+01 2.999999999999999889e-01
2.451225565820000134e+06 2.084100000000000108e+01 2.159999999999999976e-01
2.451227646379999816e+06 2.092999999999999972e+01 2.550000000000000044e-01
2.451231542280000169e+06 2.044200000000000017e+01 1.869999999999999996e-01
2.451234590479999781e+06 2.058800000000000097e+01 2.210000000000000020e-01
2.451236598000000231e+06 2.089399999999999835e+01 3.190000000000000058e-01
2.451240548469999805e+06 2.084799999999999898e+01 2.359999999999999876e-01
2.451244599599999841e+06 2.064099999999999824e+01 2.270000000000000073e-01
2.451247532329999842e+06 2.152199999999999847e+01 5.410000000000000364e-01
2.451256517090000212e+06 2.105399999999999849e+01 4.079999999999999738e-01
2.451260539650000166e+06 2.085200000000000031e+01 2.530000000000000027e-01
2.451265517529999837e+06 2.131099999999999994e+01 4.269999999999999907e-01
2.451277499700000044e+06 2.049500000000000099e+01 2.190000000000000002e-01
2.451288497959999833e+06 2.111599999999999966e+01 4.010000000000000231e-01
2.451290565369999968e+06 2.102799999999999869e+01 3.790000000000000036e-01
2.451296502729999833e+06 2.051000000000000156e+01 2.250000000000000056e-01
2.451298540659999941e+06 2.044699999999999918e+01 2.030000000000000138e-01
2.451301482330000028e+06 2.078099999999999881e+01 3.170000000000000040e-01
2.451316496050000191e+06 2.094000000000000128e+01 1.829999999999999960e-01
2.451319472269999795e+06 2.051899999999999835e+01 2.119999999999999940e-01
2.451412830570000224e+06 2.053300000000000125e+01 2.670000000000000151e-01
2.451418827759999782e+06 2.040200000000000102e+01 2.179999999999999993e-01
2.451430882240000181e+06 2.074299999999999855e+01 2.039999999999999869e-01
2.451432816079999786e+06 2.060800000000000054e+01 1.950000000000000067e-01
2.451435792129999958e+06 2.122299999999999898e+01 4.520000000000000129e-01
2.451437776029999834e+06 2.101300000000000168e+01 3.479999999999999760e-01
2.451440823700000066e+06 2.093700000000000117e+01 2.680000000000000160e-01
2.451451756390000228e+06 2.062900000000000134e+01 2.489999999999999991e-01
2.451458847349999938e+06 2.057999999999999829e+01 2.409999999999999920e-01
2.451459763040000107e+06 2.148100000000000165e+01 5.709999999999999520e-01
2.451470827680000104e+06 2.107300000000000040e+01 2.530000000000000027e-01
2.451475740280000027e+06 2.026200000000000045e+01 1.600000000000000033e-01
2.451481669350000098e+06 2.069800000000000040e+01 2.660000000000000142e-01
2.451487698720000219e+06 2.075400000000000134e+01 2.250000000000000056e-01
2.451490695549999829e+06 2.106899999999999906e+01 3.539999999999999813e-01
2.451492688639999833e+06 2.112300000000000111e+01 4.199999999999999845e-01
2.451495687169999816e+06 2.120200000000000173e+01 3.910000000000000142e-01
2.451499644989999942e+06 2.076800000000000068e+01 3.009999999999999898e-01
2.451505680790000129e+06 2.045200000000000173e+01 2.089999999999999913e-01
2.451507814280000050e+06 2.040500000000000114e+01 1.910000000000000031e-01
2.451510790289999917e+06 2.070899999999999963e+01 2.089999999999999913e-01
2.451512686989999842e+06 2.152599999999999980e+01 6.049999999999999822e-01
2.451514798090000171e+06 2.062699999999999889e+01 1.980000000000000093e-01
2.451517633570000064e+06 2.044300000000000139e+01 2.330000000000000127e-01
2.451519707249999978e+06 2.062999999999999901e+01 1.990000000000000102e-01
2.451521642990000080e+06 2.139399999999999835e+01 4.179999999999999827e-01
2.451523763710000087e+06 2.022899999999999920e+01 1.749999999999999889e-01
2.451525758080000058e+06 2.086899999999999977e+01 2.069999999999999896e-01
2.451527687030000146e+06 2.073600000000000065e+01 2.310000000000000109e-01
2.451528733370000031e+06 2.041700000000000159e+01 1.320000000000000062e-01
2.451529754530000035e+06 2.056299999999999883e+01 1.640000000000000069e-01
2.451531747599999886e+06 2.083200000000000074e+01 2.310000000000000109e-01
2.451538704200000037e+06 2.096999999999999886e+01 2.580000000000000071e-01
2.451541660279999953e+06 2.087800000000000011e+01 1.749999999999999889e-01
2.451542690140000079e+06 2.043799999999999883e+01 1.970000000000000084e-01
2.451544616150000133e+06 2.115099999999999980e+01 2.979999999999999871e-01
2.451547743050000165e+06 2.089399999999999835e+01 1.789999999999999925e-01
2.451548720660000108e+06 2.047899999999999920e+01 1.449999999999999900e-01
2.451549714939999860e+06 2.110600000000000165e+01 2.179999999999999993e-01
2.451552579669999890e+06 2.084900000000000020e+01 2.340000000000000135e-01
2.451554706120000221e+06 2.063200000000000145e+01 1.719999999999999862e-01
2.451555712900000159e+06 2.074800000000000111e+01 2.330000000000000127e-01
2.451562715820000041e+06 2.060900000000000176e+01 2.250000000000000056e-01
2.451564594419999979e+06 2.069600000000000151e+01 2.630000000000000115e-01
2.451567687030000146e+06 2.078200000000000003e+01 2.690000000000000169e-01
2.451570592379999813e+06 2.034799999999999898e+01 1.680000000000000104e-01
2.451574780090000015e+06 2.049200000000000088e+01 1.360000000000000098e-01
2.451577731790000107e+06 2.099200000000000088e+01 2.710000000000000187e-01
2.451580765869999770e+06 2.067399999999999949e+01 1.960000000000000075e-01
2.451583651190000121e+06 2.086100000000000065e+01 2.409999999999999920e-01
2.451585737809999846e+06 2.071600000000000108e+01 1.910000000000000031e-01
2.451593564489999786e+06 2.087099999999999866e+01 3.079999999999999960e-01
2.451599635350000113e+06 2.126800000000000068e+01 2.899999999999999800e-01
2.451601711430000141e+06 2.045599999999999952e+01 2.429999999999999938e-01
2.451604592900000047e+06 2.215800000000000125e+01 9.050000000000000266e-01
2.451606627859999891e+06 2.061700000000000088e+01 2.520000000000000018e-01
2.451609669170000125e+06 2.108599999999999852e+01 2.949999999999999845e-01
2.451610654260000214e+06 2.051399999999999935e+01 2.089999999999999913e-01
2.451613545330000110e+06 2.064000000000000057e+01 2.479999999999999982e-01
2.451615577279999852e+06 2.124599999999999866e+01 3.300000000000000155e-01
2.451617648620000109e+06 2.078399999999999892e+01 2.459999999999999964e-01
2.451619632269999944e+06 2.139499999999999957e+01 5.370000000000000329e-01
2.451620583440000191e+06 2.094999999999999929e+01 3.559999999999999831e-01
2.451622533619999886e+06 2.098499999999999943e+01 3.719999999999999973e-01
2.451624530189999845e+06 2.064600000000000080e+01 2.570000000000000062e-01
2.451626531010000035e+06 2.060999999999999943e+01 2.290000000000000091e-01
2.451627652129999828e+06 2.056899999999999906e+01 2.280000000000000082e-01
2.451629531119999941e+06 2.102400000000000091e+01 3.240000000000000102e-01
2.451630612579999957e+06 2.037399999999999878e+01 1.549999999999999989e-01
2.451632549079999793e+06 2.098499999999999943e+01 3.160000000000000031e-01
2.451634526819999795e+06 2.061299999999999955e+01 2.000000000000000111e-01
2.451643518829999957e+06 2.049399999999999977e+01 2.020000000000000129e-01
2.451654556140000001e+06 2.024299999999999855e+01 1.869999999999999996e-01
2.451659549800000153e+06 2.084100000000000108e+01 2.999999999999999889e-01
2.451664535449999850e+06 2.005300000000000082e+01 1.330000000000000071e-01
2.451672551419999916e+06 2.175799999999999912e+01 7.540000000000000036e-01
2.451691512500000186e+06 2.094000000000000128e+01 3.469999999999999751e-01
2.451772900870000012e+06 2.075900000000000034e+01 2.510000000000000009e-01
2.451775901980000082e+06 2.125499999999999901e+01 4.169999999999999818e-01
2.451784886549999937e+06 2.031599999999999895e+01 1.920000000000000040e-01
2.451789875250000041e+06 2.061599999999999966e+01 1.549999999999999989e-01
2.451804824839999899e+06 2.068400000000000105e+01 2.200000000000000011e-01
2.451809849220000207e+06 2.097500000000000142e+01 2.310000000000000109e-01
2.451812819990000222e+06 2.123799999999999955e+01 3.430000000000000271e-01
2.451816831300000194e+06 2.068900000000000006e+01 1.690000000000000113e-01
2.451821821889999788e+06 2.039300000000000068e+01 1.529999999999999971e-01
2.451823864020000212e+06 2.084799999999999898e+01 2.159999999999999976e-01
2.451826847099999897e+06 2.061499999999999844e+01 2.000000000000000111e-01
2.451830834150000010e+06 2.078800000000000026e+01 2.879999999999999782e-01
2.451834873079999816e+06 2.033599999999999852e+01 1.809999999999999942e-01
2.451859810250000097e+06 2.107600000000000051e+01 3.310000000000000164e-01
2.451861827419999987e+06 2.078300000000000125e+01 2.479999999999999982e-01
2.451864804860000033e+06 2.039499999999999957e+01 1.390000000000000124e-01
2.451865785029999912e+06 2.112300000000000111e+01 2.819999999999999729e-01
2.451866853800000157e+06 2.101099999999999923e+01 2.580000000000000071e-01
2.451868824469999876e+06 2.076699999999999946e+01 1.739999999999999880e-01
2.451870757749999873e+06 2.085300000000000153e+01 1.829999999999999960e-01
2.451871841700000223e+06 2.096999999999999886e+01 2.340000000000000135e-01
2.451873801270000171e+06 2.102100000000000080e+01 2.419999999999999929e-01
